7.855179284135036522e-01
8.708832007809049758e-01
6.510335083623133290e-01
6.234681246514227615e-01
6.540618207321486910e-01
6.335659590116942130e-01
6.372286969339526763e-01
9.673209952600355654e-01
9.024527799053734256e-01
6.333508552559423688e-01
7.337132372279542292e-01
5.523300846542582576e-01
6.202058668979160139e-01
8.751724150870816565e-01
7.908679238098121900e-01
9.634668430553260388e-01
6.590486989033046417e-01
7.850479898708691007e-01
7.913053001317063018e-01
9.075922253924332272e-01
9.640042654536781219e-01
