7.902966298114676436e-01
8.773652830547792325e-01
6.528311254289572707e-01
6.279959658638600839e-01
6.522930937613971025e-01
6.236003800785944184e-01
6.309044071312641666e-01
9.691498574860952786e-01
9.088538122177323153e-01
6.363031186143932594e-01
7.362949397882417868e-01
5.522171900080464768e-01
6.379812266015623123e-01
8.767263498166124602e-01
7.857981376846050470e-01
9.734879549485473405e-01
6.514991230599306293e-01
7.946439334078752026e-01
7.909536011322104709e-01
9.063895348030726051e-01
9.732959259528781715e-01
