7.877672491040992320e-01
8.725934227348645100e-01
6.568415936673104305e-01
6.374555718690121386e-01
6.533612688839199878e-01
6.343204349838136302e-01
6.349267856992241166e-01
9.659093363959022627e-01
9.063240840346338256e-01
6.265436937990011002e-01
7.315944928167178452e-01
5.568215135525925730e-01
6.267545275217386580e-01
8.717739562488232563e-01
7.872966444846477563e-01
9.651847582888686272e-01
6.510743758214608823e-01
7.890999456136120749e-01
7.902584337344694676e-01
9.027593239757627508e-01
9.668214416267910671e-01
