7.864747060427748071e-01
8.783792348770409486e-01
6.567024536292628278e-01
6.331101279010596938e-01
6.624453882202447907e-01
6.266003239500769206e-01
6.238558808153965574e-01
9.721152316486384448e-01
9.104123014919294210e-01
6.315962269618738967e-01
7.308823052492432470e-01
5.630837979253369152e-01
6.250389044369695224e-01
8.793071953288353892e-01
7.900498320973895483e-01
9.758846583287397181e-01
6.543417340667209148e-01
7.896721075457054928e-01
7.863578185551749478e-01
9.058193143823340954e-01
9.706029987165112338e-01
