7.844837969899310925e-01
8.693765825419846882e-01
6.512300905233672221e-01
6.286600929864988307e-01
6.530805669779786715e-01
6.339078987930307774e-01
6.321040147299885614e-01
9.639947425653184743e-01
9.051590834568019606e-01
6.357608265029442984e-01
7.300384060137994346e-01
5.593802406430085083e-01
6.323064768744499631e-01
8.796803719990213821e-01
7.825516984722065139e-01
9.622491299705643319e-01
6.584907327852241865e-01
7.822194032083441551e-01
7.903461069645711934e-01
8.992231301216994099e-01
9.657706784102971787e-01
