7.885908823369063292e-01
8.796430368709869940e-01
6.622241881817747533e-01
6.338654574959113885e-01
6.535765479728606886e-01
6.406541030581620610e-01
6.289841972986959240e-01
9.663237566371223330e-01
8.991508720363191598e-01
6.369021756546261459e-01
7.318668297273733803e-01
5.598572304815078171e-01
6.276568725163100826e-01
8.700480127732558300e-01
7.898200663634323826e-01
9.690230974400643182e-01
6.567186269430596024e-01
7.894644206845631285e-01
7.860024153307781924e-01
9.075371380844722280e-01
9.675405492123608786e-01
