7.878727869911825721e-01
8.723072652207897182e-01
6.587097428351638140e-01
6.206458476810973179e-01
6.528323576234876802e-01
6.299610995236646360e-01
6.302746350434074163e-01
9.724869137369388516e-01
9.070675607408884566e-01
6.326551589972100320e-01
7.348635197318894585e-01
5.605211844386918107e-01
6.252352939462864079e-01
8.708208090511767585e-01
7.873670190233602595e-01
9.711798519548429098e-01
6.536751567583826139e-01
7.877922738757618948e-01
7.913820551907982948e-01
9.105979177858569695e-01
9.687352806203894939e-01
