7.880310188749705125e-01
8.725710298264316434e-01
6.509143822921295008e-01
6.317232986750543899e-01
6.574201312050167445e-01
6.278315437449237812e-01
6.305634232182903975e-01
9.707151034018896008e-01
9.020026470238394767e-01
6.352859172351750239e-01
7.309075232505369835e-01
5.590051872035350922e-01
6.264107431802562465e-01
8.705478100054580004e-01
7.864195173981480824e-01
9.689994285355417736e-01
6.561599147100639629e-01
7.954487955273957800e-01
7.865858588010070651e-01
9.047984952181896690e-01
9.736497035904156938e-01
