7.832825633790988507e-01
8.685442956673361525e-01
6.567149450465988858e-01
6.260288168720444801e-01
6.580002599784430251e-01
6.291547682038051148e-01
6.297920080103707186e-01
9.661799854551881284e-01
8.991588681559314900e-01
6.286671971795089187e-01
7.258558371507281004e-01
5.652161595473172984e-01
6.347988921467315748e-01
8.728442208200222208e-01
7.890429252307683550e-01
9.671769325055260547e-01
6.595547089215754166e-01
7.891764367046953943e-01
7.908739563141661266e-01
9.060190148754880823e-01
9.679898507837981780e-01
