7.890470423432104363e-01
8.721987297147019147e-01
6.523616883224792051e-01
6.272395966622031915e-01
6.585966184991243200e-01
6.344835222804674491e-01
6.310920670538288091e-01
9.660478985378272432e-01
9.081688089478845427e-01
6.228204319168535452e-01
7.309410092787346214e-01
5.558070454990148290e-01
6.262415536143125516e-01
8.718121917544523480e-01
7.768316363405820546e-01
9.607525004122932089e-01
6.542030642791287764e-01
7.858811808812427024e-01
7.924829483879820557e-01
8.997548174709989466e-01
9.618697001154702386e-01
