7.894237970654254255e-01
8.713323440267967124e-01
6.497891106428677066e-01
6.271302924602709661e-01
6.580308876235002602e-01
6.354327883696448964e-01
6.333850776397978999e-01
9.691971339385399009e-01
9.095468375617573598e-01
6.325397627312908666e-01
7.303048114992413131e-01
5.624632152330928392e-01
6.310635173503242878e-01
8.773592036020909646e-01
7.889929853724856335e-01
9.674505721688561044e-01
6.497440604181142776e-01
7.788104081175312166e-01
7.927576496016318641e-01
9.020394232360107178e-01
9.665211560920387024e-01
