7.825355213275694277e-01
8.766524791303509367e-01
6.499705856467596909e-01
6.314750614383368710e-01
6.548362726597045658e-01
6.299416268682493936e-01
6.284145464795707348e-01
9.581563841889195743e-01
9.072810179195499591e-01
6.287770458375459004e-01
7.319158501419577023e-01
5.503698237519308867e-01
6.251889608310904345e-01
8.792143598941142280e-01
7.858118578885189276e-01
9.690662350447106776e-01
6.523425262089903587e-01
7.818118514807478325e-01
7.920944809437738821e-01
9.067674292999757801e-01
9.649117908952179468e-01
