7.903825376228967858e-01
8.740071109577000064e-01
6.624598188461097159e-01
6.330751069963649336e-01
6.517492790331029795e-01
6.321547398493490011e-01
6.273729078940742943e-01
9.697877054969096244e-01
9.064379308517628298e-01
6.314182620353713249e-01
7.370526915605448703e-01
5.612900209321455280e-01
6.249740214223803436e-01
8.716371897192115581e-01
7.847343058053697362e-01
9.694140671837979673e-01
6.535424750130106597e-01
7.875759489410978365e-01
7.856405037842250083e-01
9.043938437171754607e-01
9.712640200963463810e-01
