7.898092834113830119e-01
8.782446906235323869e-01
6.546624448900727478e-01
6.320804057501967499e-01
6.550879596569593177e-01
6.324623124829938936e-01
6.349927339481019617e-01
9.673868916666367168e-01
9.037661971567442221e-01
6.206217020014029861e-01
7.271533318492748865e-01
5.638822759972224041e-01
6.255826015258810768e-01
8.773305505932096349e-01
7.866769814623965074e-01
9.646941172083834948e-01
6.482512660068243671e-01
7.858077658956834632e-01
7.923751576967988930e-01
9.092076293963707867e-01
9.711164081300062145e-01
