7.814797931309511725e-01
8.739071674765302999e-01
6.574209408383036024e-01
6.318224137353084524e-01
6.553693957345575472e-01
6.306393339091372896e-01
6.328831577004188080e-01
9.613374919675242714e-01
9.035754686490208298e-01
6.243932108884511223e-01
7.260025823615046114e-01
5.623481258663319826e-01
6.257346085748312081e-01
8.744183941868689525e-01
7.913758322468646966e-01
9.681481145456641846e-01
6.523401543095962429e-01
7.877124687621961385e-01
7.849563029505417511e-01
9.049512000002229994e-01
9.654218683821952363e-01
