7.843407217977935719e-01
8.732857979877128862e-01
6.543846096603085360e-01
6.299692604468465351e-01
6.540291557694888347e-01
6.279034399209116879e-01
6.290255082201178238e-01
9.712281816415706537e-01
9.017842299780156612e-01
6.341350433272073817e-01
7.406056146819928188e-01
5.625472465097831609e-01
6.302301423754368415e-01
8.816584853508369068e-01
7.878746314749208723e-01
9.678239113616229350e-01
6.484518604548621390e-01
7.990520539375985942e-01
7.897356637206778274e-01
9.060495789827911484e-01
9.742427758103605617e-01
