7.848525748279491232e-01
8.798394216427257719e-01
6.492783773318782092e-01
6.267352769285470249e-01
6.514050408350874344e-01
6.324592053678109727e-01
6.277240849855124649e-01
9.706334849422062483e-01
9.103929772615235727e-01
6.274759073313842528e-01
7.243409198385097891e-01
5.622677207619866113e-01
6.307613969934950937e-01
8.768027313789866772e-01
7.893869184565842634e-01
9.676355540454365523e-01
6.496518788487167795e-01
7.856232590644440794e-01
7.920428583854280946e-01
9.028110367151210847e-01
9.648879618380892254e-01
