7.881204852340655265e-01
8.754478006305848048e-01
6.464015646030408790e-01
6.219907994176562260e-01
6.527224322731316475e-01
6.357910483102032773e-01
6.270743787785640899e-01
9.670727618259059577e-01
9.083592718128151722e-01
6.364927253404885077e-01
7.302330195605095664e-01
5.651501897745416780e-01
6.306556630992709023e-01
8.762222225617399829e-01
7.911910917103577301e-01
9.637561487697478002e-01
6.538965445023269263e-01
7.860440145125527911e-01
7.883253911359858757e-01
9.046723599066653909e-01
9.661003961050836919e-01
