7.916308013564484769e-01
8.778659341973127361e-01
6.525180580692034882e-01
6.298211335880107287e-01
6.619114075472442016e-01
6.326314068220859621e-01
6.337315469307426286e-01
9.706550592008079681e-01
9.137769678102022342e-01
6.324057839840538930e-01
7.379728228128944467e-01
5.540748212098526304e-01
6.258473477658497153e-01
8.791568994146844451e-01
7.916142729738725459e-01
9.710062922653649453e-01
6.591719423613007223e-01
7.864258769771531599e-01
7.936197830193181257e-01
9.078405994659590750e-01
9.772482171378072957e-01
