7.931776335883942153e-01
8.725142824075016179e-01
6.512210910908182715e-01
6.295066750927224009e-01
6.511293602560258575e-01
6.315127468495690399e-01
6.323259386956893158e-01
9.692054010578515788e-01
9.073810882379723664e-01
6.246833678031683545e-01
7.309157887448158863e-01
5.528526718984962951e-01
6.316638713316177212e-01
8.755304109716985916e-01
7.797186208342302693e-01
9.619019309942111740e-01
6.529356200138175526e-01
7.879403763020657037e-01
7.874991594259040939e-01
9.039230454805933235e-01
9.698972511220946835e-01
