7.867315669138491563e-01
8.737085185795336884e-01
6.523231941575047266e-01
6.306830223784131162e-01
6.523542559418640252e-01
6.307727310822710542e-01
6.277800555660113524e-01
9.697235401066158778e-01
9.057782124953036584e-01
6.267822380465577492e-01
7.359740418557214614e-01
5.538363362292720860e-01
6.275479867706588166e-01
8.750536593709739019e-01
7.876021461338338359e-01
9.691729635655663699e-01
6.506373901392370485e-01
7.867429501721129315e-01
7.974239971002226035e-01
9.023409441154742749e-01
9.683302019401134331e-01
