7.870801925159098822e-01
8.766807778884440072e-01
6.500438341549372723e-01
6.301145640607842546e-01
6.515401107558541627e-01
6.347358059918406514e-01
6.305232049043736353e-01
9.625097712468742017e-01
9.027758092579618587e-01
6.290519031889765245e-01
7.304046282151486214e-01
5.607180675898464361e-01
6.212024152251647280e-01
8.722879784629872235e-01
7.869031046018047926e-01
9.668794932688388188e-01
6.537641128793569845e-01
7.846054109557664136e-01
7.900634498455834098e-01
9.052976253783867611e-01
9.626198513114002653e-01
