7.817059736757554500e-01
8.702472252183326429e-01
6.520062104837461847e-01
6.346139007202512561e-01
6.526015364336886782e-01
6.396807241091474472e-01
6.318492133719377790e-01
9.701111397985637819e-01
9.011305459677083629e-01
6.364116961822481322e-01
7.325123803197045591e-01
5.574413782074285617e-01
6.249968737971747235e-01
8.659324843466797983e-01
7.822674709812914573e-01
9.632044267465040832e-01
6.541301597230366749e-01
7.864490342471233131e-01
7.815063447113338446e-01
9.068369629332234672e-01
9.588615980012626938e-01
