7.895988302579295404e-01
8.739319938354472850e-01
6.561082792455117385e-01
6.374053532240656628e-01
6.525810963636584638e-01
6.311684801230684760e-01
6.345285817975389042e-01
9.636179669571455220e-01
9.046514658239587225e-01
6.314773597541833983e-01
7.385147771937038419e-01
5.662187365175680442e-01
6.343535744775614660e-01
8.691003548068502171e-01
7.955179914206542691e-01
9.675365592828676364e-01
6.547020239428613664e-01
7.845866882471251857e-01
7.870196601180265983e-01
9.078440839706484189e-01
9.664852754537089918e-01
