7.752142811651032694e-01
8.730496938732256185e-01
6.561089491581724165e-01
6.207693030472557494e-01
6.486229906506125742e-01
6.226318112244810798e-01
6.309400032817235049e-01
9.623336084325480044e-01
8.988199005524697416e-01
6.296868384359777249e-01
7.282631692971567317e-01
5.636491870866842113e-01
6.293748618682230012e-01
8.705894346968092723e-01
7.779106394913438693e-01
9.697025373048595576e-01
6.499132176050775866e-01
7.796693209944002279e-01
7.861267979956966245e-01
9.030703375967806812e-01
9.671743395616954064e-01
