7.916080269002357950e-01
8.676376466321429337e-01
6.529934883870901485e-01
6.202359753221207139e-01
6.517480104886819170e-01
6.354743838244710785e-01
6.266541906333817913e-01
9.664752510193208579e-01
9.077364319904965839e-01
6.298610158387779601e-01
7.277255558529813761e-01
5.568693668830838606e-01
6.265604165353544364e-01
8.771149955233477069e-01
7.862523179111168270e-01
9.614069905190313348e-01
6.562654023202852960e-01
7.903120269879344573e-01
7.859467532857395966e-01
9.046408152022586968e-01
9.687254813421111166e-01
