7.832236042768684348e-01
8.729722082329762767e-01
6.551888182819821660e-01
6.305610025057880597e-01
6.582883724394471558e-01
6.251765702893278265e-01
6.267113729692012081e-01
9.719197451662540121e-01
9.007799473871258567e-01
6.204488587441849834e-01
7.255925641881320054e-01
5.528407011500419133e-01
6.272185652320441118e-01
8.695007652042806567e-01
7.898609611999299895e-01
9.737738056187110747e-01
6.480710546568396735e-01
7.906133587893992010e-01
7.843961451956722453e-01
8.979722718067013609e-01
9.675743293698020331e-01
