7.841401177422980817e-01
8.690313421859883203e-01
6.464648802359732604e-01
6.348489750020357425e-01
6.475130849837110736e-01
6.216997823502165010e-01
6.272651143915110028e-01
9.659184523238374398e-01
9.062787173887095760e-01
6.224373307220768536e-01
7.292313535534975522e-01
5.540580036976484601e-01
6.266015933050118614e-01
8.688683929371145975e-01
7.830881541296447201e-01
9.663486576797601924e-01
6.481604271528033090e-01
7.905446657806916022e-01
7.889317734389384995e-01
9.076930723036165105e-01
9.652104047361692585e-01
