7.853254717957544040e-01
8.724862834881293994e-01
6.546563386503158055e-01
6.341416412226050792e-01
6.564346446385548317e-01
6.270280334299995761e-01
6.280821092113584303e-01
9.679778891537109686e-01
9.024665552844535199e-01
6.254547769360939702e-01
7.299672062650190973e-01
5.612463662073972070e-01
6.338422211175912535e-01
8.773846654051181693e-01
7.786991814894722586e-01
9.621732791153845277e-01
6.562309830454458037e-01
7.878616660621056145e-01
7.907649694496693416e-01
9.087584547201804641e-01
9.642084161626057748e-01
