7.817655487385506419e-01
8.733420835801052329e-01
6.516800711594351592e-01
6.295617283487894289e-01
6.412902935080324607e-01
6.230279817484568605e-01
6.350870728899712381e-01
9.647877877943151770e-01
9.056981520284456133e-01
6.246472237843836428e-01
7.288149970941552036e-01
5.637257674113288486e-01
6.346877597582588626e-01
8.699612925530875174e-01
7.856532251992411897e-01
9.625663813855122042e-01
6.484705710543500201e-01
7.902150699232604047e-01
7.862547147063413400e-01
9.071109897780933462e-01
9.678476389593748674e-01
