7.839333231037169947e-01
8.696162760175074613e-01
6.484653555473804953e-01
6.279794153873069495e-01
6.576723269928820281e-01
6.241525956381370754e-01
6.329898153403671346e-01
9.669841200950268778e-01
9.058617090643885650e-01
6.241557029537306844e-01
7.308868023712210560e-01
5.591835036939813985e-01
6.238219090708188030e-01
8.779348687975874199e-01
7.881737190182687147e-01
9.643246949218577946e-01
6.547784082717098553e-01
7.906091962783805549e-01
7.875618963775856685e-01
9.053632410040536316e-01
9.713928119180740284e-01
