7.764147389111273334e-01
8.705176659856842525e-01
6.488346891594001242e-01
6.299818628171690582e-01
6.576404952182263175e-01
6.357751917515495066e-01
6.289381022824490630e-01
9.651103829213395491e-01
9.025475317038459400e-01
6.307917703177620128e-01
7.307693137104664949e-01
5.620185754704706271e-01
6.238970140334580972e-01
8.749262533837531830e-01
7.780982196518901883e-01
9.648689689346130471e-01
6.652557529240550327e-01
7.864785625617680687e-01
7.815191425033786166e-01
9.065138609759136878e-01
9.642001483335941314e-01
