7.900612260071409043e-01
8.749481547318087582e-01
6.566229592550710814e-01
6.275921286049950254e-01
6.572260469772116531e-01
6.301213784742774049e-01
6.355585323093708716e-01
9.604862766267188157e-01
9.068279884104488708e-01
6.332951765421992452e-01
7.344964930313687690e-01
5.583707687230478056e-01
6.215319889138983811e-01
8.775240074489881748e-01
7.874794358722982945e-01
9.638958024430963611e-01
6.546009312562479643e-01
7.785954403474967256e-01
7.841599682135941274e-01
8.972123209642220987e-01
9.674739587553342623e-01
