7.807747977685429719e-01
8.659584061234418817e-01
6.483054530974098340e-01
6.239408528528961329e-01
6.501650764912787483e-01
6.252209384565775574e-01
6.375548456302745359e-01
9.634251102742135142e-01
8.965244873119014857e-01
6.213960595991101510e-01
7.317667007451549299e-01
5.570143414848346408e-01
6.239433756678423038e-01
8.714906427104625042e-01
7.881504223340799475e-01
9.628479636616945614e-01
6.523330837848108077e-01
7.794483171956616552e-01
7.843143305753496053e-01
8.992107427261520902e-01
9.679779800876205931e-01
