5.218902469577625380e-01
6.321805418131126730e-01
1.262656450426304477e+00
9.601905869352750367e-01
1.278964476885265045e+00
1.258627231874554164e+00
1.294741077534056650e+00
1.565722958641249107e+00
1.541730719981942554e+00
1.580249851487626644e+00
2.023100035975730293e+00
9.968089352013446147e-01
1.348420923044659103e+00
1.240022935860836562e+00
1.605650733259966989e+00
1.645766864400795226e+00
1.243992596846420717e+00
1.190763733949260939e+00
1.220514185351518677e+00
1.024984344546326032e+00
9.849702485654628914e-01
4.853082532836853202e-01
6.564947200456188181e-01
6.272529158311950237e-01
8.122019965256833673e-01
1.243431051957196276e+00
1.292483512462616835e+00
1.237179784887294520e+00
1.894045776744087473e+00
1.530938186899515996e+00
1.066996680368184514e+00
1.021341247888102988e+00
7.828606251847379793e-01
7.665025052141117845e-01
1.555675507223387655e+00
