5.204339609948013257e-01
6.243095025209044469e-01
1.256141354590709636e+00
9.715249516944672870e-01
1.277215585739865933e+00
1.246282553158228001e+00
1.293596586982497243e+00
1.558711630773088830e+00
1.524928758560534447e+00
1.593383740368766954e+00
2.045805134444672824e+00
9.921515190973918541e-01
1.331511439542849340e+00
1.240872792760625565e+00
1.569623874199894020e+00
1.640085247002351032e+00
1.250688799921918504e+00
1.178828681140581036e+00
1.231747019436381763e+00
1.044890609757305189e+00
1.012279076911925868e+00
4.909236989383624072e-01
6.588414254244100432e-01
6.350462810902927080e-01
8.032924968913135455e-01
1.244457756287454142e+00
1.293574301798018356e+00
1.219250134998496327e+00
1.888857786205237366e+00
1.549196290396610776e+00
1.078343345740256698e+00
1.016385582212833150e+00
7.825757314955721355e-01
7.699594968592335942e-01
1.587647714758408268e+00
