5.205888663178781517e-01
6.225732558462192534e-01
1.243221050682957296e+00
9.677365439983273143e-01
1.280625194064251682e+00
1.235824893562944560e+00
1.282233271759422477e+00
1.587930134698786189e+00
1.573012632786872089e+00
1.590936538828468416e+00
2.056987161010618514e+00
9.940508109028963757e-01
1.324981762558755660e+00
1.277270951796114051e+00
1.625455442953274598e+00
1.643976915716451881e+00
1.284915155027104516e+00
1.226775710342046910e+00
1.240754372755791479e+00
1.011394635788678276e+00
1.006705038106864514e+00
4.864959677135262117e-01
6.484560725757135824e-01
6.314625425061298758e-01
8.035994440289635499e-01
1.225718308579068383e+00
1.297981040775999517e+00
1.239250394921909804e+00
1.890210240009670972e+00
1.525285162510504167e+00
1.085357381118511100e+00
1.036247465046482352e+00
7.915104119323842502e-01
7.638237376984849947e-01
1.580578783788554098e+00
