5.275735568076385107e-01
6.366873404996832297e-01
1.252109835786733294e+00
9.803400448760321018e-01
1.282953916952013662e+00
1.251329215078455848e+00
1.296776987591051977e+00
1.574021311625985797e+00
1.561748411299597628e+00
1.587496673005346803e+00
2.015045431789376451e+00
9.993765557254112863e-01
1.322782838841429554e+00
1.257095237684948907e+00
1.593068057825880901e+00
1.619332680841464756e+00
1.257879455429559368e+00
1.204330757134090879e+00
1.224186339051518635e+00
1.016486817927558128e+00
9.931363506358179549e-01
4.925532545351917202e-01
6.519474452166992284e-01
6.346455611005614728e-01
8.042617147227403285e-01
1.228984819986959298e+00
1.288481103834057784e+00
1.233629674636448348e+00
1.885097992183189186e+00
1.528090666867857772e+00
1.067664637867107524e+00
1.022213500775149608e+00
7.942816390721306741e-01
7.770212763476739282e-01
1.566709929643107957e+00
