5.127371810846080846e-01
6.151004876926534637e-01
1.248172726867080806e+00
9.583717884672670051e-01
1.285943816328390499e+00
1.249077454244075680e+00
1.286031051048609042e+00
1.561090802238042530e+00
1.535262409444662968e+00
1.575425220800552584e+00
2.090623958293683859e+00
1.000724841488297434e+00
1.341891598359098658e+00
1.250700939569788339e+00
1.601948667437323559e+00
1.643856006362776068e+00
1.249795036275627158e+00
1.193798865270659482e+00
1.225028913194573521e+00
1.026160225840752060e+00
1.016604417945788930e+00
4.866208918008534390e-01
6.525195130785741426e-01
6.240029163756082298e-01
7.992483324660771826e-01
1.227209153381360274e+00
1.282318385604737987e+00
1.224865029239109671e+00
1.880724068451856246e+00
1.535454130501357151e+00
1.068918538423379250e+00
1.021026409289706338e+00
7.725831020810882688e-01
7.566729861753020980e-01
1.580772863736501055e+00
