5.167405615002438335e-01
6.180461109240467099e-01
1.246492039577210109e+00
9.721461830386106673e-01
1.284813424825504757e+00
1.251528635743449414e+00
1.311077788116790988e+00
1.580722278146445614e+00
1.560837843569970795e+00
1.604984491100487354e+00
2.078831016191604153e+00
1.004040616390897700e+00
1.348642633167360660e+00
1.268136681147679745e+00
1.605558784061984268e+00
1.650970316093647083e+00
1.263033248302340317e+00
1.190499799262048963e+00
1.224171826910330774e+00
1.028283942314945465e+00
9.921109288879667032e-01
4.791729875156957030e-01
6.436324478075139410e-01
6.228546079445936856e-01
7.885819421877192648e-01
1.222809207081808403e+00
1.299853339341654035e+00
1.225205386822812992e+00
1.899856371827145951e+00
1.550643175634274229e+00
1.086790989486411618e+00
1.024378777488575976e+00
7.875965647408093018e-01
7.688528716611298108e-01
1.591883007922934468e+00
