5.161530460860410674e-01
6.230041178547525149e-01
1.222212336140781730e+00
9.592704927878624721e-01
1.281511349443404502e+00
1.232303605288891823e+00
1.287203798182877001e+00
1.512614313130965726e+00
1.524923631400680435e+00
1.567964751548369229e+00
2.056986964799126127e+00
1.008256559723471835e+00
1.341856971376200969e+00
1.237603539420284449e+00
1.589670111679239328e+00
1.634538707629273668e+00
1.227468869391451278e+00
1.184679250910685822e+00
1.218116939805365284e+00
1.028225098792753478e+00
1.003766234320418782e+00
4.920079259137751237e-01
6.547978874948401362e-01
6.328112830255504528e-01
8.128299175924460496e-01
1.216959011033140747e+00
1.286181074929372725e+00
1.241344746395278031e+00
1.858526171623805956e+00
1.497187769167873217e+00
1.065588911240211933e+00
1.028442435181793790e+00
7.848750305885962009e-01
7.631686555697761998e-01
1.556972738050770300e+00
