5.185510305373289830e-01
6.328404472203164044e-01
1.274116697066772552e+00
9.697694017816582690e-01
1.291168953655046803e+00
1.273070399157231858e+00
1.313009939966999662e+00
1.588401452595762153e+00
1.558239593522129374e+00
1.616447357919913896e+00
2.040275648192791280e+00
9.991788052758828753e-01
1.353940367220022312e+00
1.246668736272371847e+00
1.606814558862483366e+00
1.666836832498715948e+00
1.247693335456765196e+00
1.186769076219859498e+00
1.231100625148763283e+00
1.037354823122043523e+00
9.935047106779789639e-01
4.865464383356610245e-01
6.592962740116272702e-01
6.268016590260221399e-01
8.078762240028835029e-01
1.259125086863883913e+00
1.288266873703022064e+00
1.225361428310811185e+00
1.909801611955838530e+00
1.558561880463745331e+00
1.055609068446974774e+00
1.004064190622210084e+00
7.772675739054788480e-01
7.741213969834066511e-01
1.580719113206304760e+00
