5.175746581644043998e-01
6.238611582920307042e-01
1.259553448155398270e+00
9.689548816835646949e-01
1.293364104363845968e+00
1.263093841287787233e+00
1.314951747908126078e+00
1.565550446584777600e+00
1.537435619483573657e+00
1.602882865088012698e+00
2.073160169010586085e+00
1.002810831995715413e+00
1.357082535797115463e+00
1.242940860411686499e+00
1.586694745592560851e+00
1.654238907701248706e+00
1.239456955144853545e+00
1.169195464342614121e+00
1.218967059162390232e+00
1.042569096731623235e+00
1.001504776587883505e+00
4.844390960574402882e-01
6.555811085611631395e-01
6.284558909336245280e-01
8.022647671674353331e-01
1.242129406762059851e+00
1.297285656851915325e+00
1.223746012035347164e+00
1.894699817522539131e+00
1.548278645150601651e+00
1.076268607946275768e+00
1.015257826906994953e+00
7.785684774350275505e-01
7.668677421645232473e-01
1.585383411535947751e+00
