5.233991554024776116e-01
6.235140798721461319e-01
1.248363274685270863e+00
9.628230369068201400e-01
1.275995203326650618e+00
1.234907633055873255e+00
1.274887032519154584e+00
1.553419764408008552e+00
1.531937899020651361e+00
1.598069053533717421e+00
2.046457721673740515e+00
9.892213733756386462e-01
1.324113553218331907e+00
1.244365158691204343e+00
1.591089785244626187e+00
1.659774426116452428e+00
1.257923850194327953e+00
1.201626387236498061e+00
1.253498555378636414e+00
1.043168299808590715e+00
1.003451620595951166e+00
4.850507194598128180e-01
6.492603667098018061e-01
6.238437139570681689e-01
7.976688787318244600e-01
1.229768271667416313e+00
1.286141199113826961e+00
1.228580889318870550e+00
1.894106485968644504e+00
1.541702709553575801e+00
1.079631140779598653e+00
1.031313037782529252e+00
7.941388176837242963e-01
7.700269351692055064e-01
1.592997896918058043e+00
