5.230319617329123316e-01
6.272906020605564237e-01
1.246686496978697489e+00
9.649520583247447325e-01
1.274938674675283545e+00
1.245367549675789220e+00
1.300678898796784999e+00
1.563027637770583844e+00
1.545543868881358085e+00
1.618868436183473092e+00
2.032453013782287599e+00
9.989420377086744018e-01
1.347920746503092015e+00
1.253745541929368823e+00
1.601679436348972585e+00
1.677667219026397705e+00
1.255073362219444100e+00
1.188259354642478893e+00
1.244633427728422781e+00
1.047442566192046121e+00
9.983252184469320056e-01
4.906726114939655159e-01
6.620882571831969710e-01
6.337429250660471247e-01
8.096164469290049182e-01
1.252490833110067481e+00
1.291579986778701894e+00
1.222822543890832891e+00
1.891727907150464016e+00
1.547017526460771286e+00
1.076913334905373443e+00
1.019583701527717823e+00
7.936511390310748704e-01
7.784070477410423017e-01
1.583751299284134717e+00
