5.202188608898611344e-01
6.276895528887284081e-01
1.248725567980030871e+00
9.554731402486199565e-01
1.286368504526745671e+00
1.225653398483109280e+00
1.293182321075964758e+00
1.550548667849227291e+00
1.523176980868541586e+00
1.577567128529782980e+00
2.049370582331139001e+00
9.815234266931494034e-01
1.353447068893502303e+00
1.241704909075764807e+00
1.594159915863465837e+00
1.651084747520260354e+00
1.265079238362341707e+00
1.177851688848649214e+00
1.219910837643683799e+00
1.035708357166891913e+00
9.945901613724361656e-01
4.763479830159035866e-01
6.568480831459162506e-01
6.248085734143133951e-01
8.021590118108797851e-01
1.226581981872886251e+00
1.311664152451031295e+00
1.221224560737103282e+00
1.867375445473296036e+00
1.529100793998272811e+00
1.087085850191141345e+00
1.012130992070212621e+00
7.779482954523357918e-01
7.686241223195038330e-01
1.604847752293263374e+00
