5.132496593574840116e-01
6.323005365881491091e-01
1.241108334095397447e+00
9.613219611457736180e-01
1.296659142909052154e+00
1.239478680787624132e+00
1.306501864817840364e+00
1.564300672129958825e+00
1.549160242348732952e+00
1.601549769334093654e+00
2.050700684054037382e+00
9.986869371004900575e-01
1.359067947704696300e+00
1.260406226560492504e+00
1.611489495675653583e+00
1.665986874392477057e+00
1.262063395181534764e+00
1.185731367145599569e+00
1.225830450351014678e+00
1.033818016724939559e+00
9.933340163769411868e-01
4.837515850299852760e-01
6.583156837661147120e-01
6.262625993565005267e-01
8.007066127811565126e-01
1.228099118523866773e+00
1.294595446788420867e+00
1.216295817533082468e+00
1.865517029000609117e+00
1.533769172029458394e+00
1.050846288467882195e+00
9.872890783791995473e-01
7.714684958247585156e-01
7.814008204073860098e-01
1.604526040544949517e+00
