5.241975018052194013e-01
6.224941425139688400e-01
1.271285214081234072e+00
9.729200320277617831e-01
1.287770115576454932e+00
1.260147034266694721e+00
1.303752409700124293e+00
1.595342003330797231e+00
1.562381110046247246e+00
1.610155836157096010e+00
2.068726478896236731e+00
9.912386459850481835e-01
1.340040668073038788e+00
1.254904867656909673e+00
1.605867963053376091e+00
1.654972436738923136e+00
1.265996713041632749e+00
1.198372557873630395e+00
1.235016575369128011e+00
1.030578151389346164e+00
1.012216764516311374e+00
4.850077501003655089e-01
6.556747076978863831e-01
6.345710579803984785e-01
8.120434931408779811e-01
1.263038669444165318e+00
1.308373026717785104e+00
1.238485309265644485e+00
1.926319033837328165e+00
1.555383030727697902e+00
1.101770804244003532e+00
1.042918898027939578e+00
7.942919606338219030e-01
7.616047250996721418e-01
1.589477839315343255e+00
