5.200750650457123259e-01
6.217553250747940297e-01
1.227641544291526277e+00
9.484712366026814001e-01
1.274710771961109046e+00
1.219485264563607174e+00
1.264934105063726610e+00
1.559048109491821599e+00
1.548548324422783340e+00
1.587251862188403528e+00
2.050180707029356952e+00
9.933561390408743863e-01
1.333655735934154318e+00
1.269953853175888048e+00
1.632678213805946799e+00
1.673484446269307480e+00
1.278447681817399539e+00
1.224212643349329666e+00
1.254809919215861935e+00
1.024993432336086085e+00
1.010163215288383931e+00
4.894455537014357760e-01
6.571176685449856558e-01
6.338618194980105702e-01
8.149055028021299218e-01
1.245771818152372701e+00
1.295060941312931924e+00
1.240121125652463352e+00
1.895812390664835867e+00
1.528731630684377230e+00
1.083270019779022153e+00
1.037314919676292080e+00
8.031373302526052527e-01
7.742463884576489264e-01
1.597961643077652649e+00
