5.260985278498844231e-01
6.250244498478797484e-01
1.239319203404211089e+00
9.753989458565581749e-01
1.293599161746044279e+00
1.252580986614243441e+00
1.312428386601729002e+00
1.569353304092092172e+00
1.569778983059755495e+00
1.597441161815762456e+00
2.069677693506044580e+00
1.010700861548505136e+00
1.345529839023154262e+00
1.266302740876870336e+00
1.609371211367504051e+00
1.637731072605322913e+00
1.252895677695134324e+00
1.196087343953588400e+00
1.217164439693366296e+00
1.017621702834935915e+00
9.909112686328352959e-01
4.838989549279809621e-01
6.442069139331305649e-01
6.210873081741623558e-01
7.893531311707290277e-01
1.203002372039664536e+00
1.283506198657939246e+00
1.225309933964267683e+00
1.867416114327107746e+00
1.524035725626921467e+00
1.080358891183357040e+00
1.031373656783079573e+00
7.927294807762393924e-01
7.686152109496505735e-01
1.573943208631162660e+00
