5.150202125897728189e-01
6.198799247395624379e-01
1.246365582322712440e+00
9.722406960004734700e-01
1.288145871393391095e+00
1.255526562469609697e+00
1.290989205941485807e+00
1.574133495635468449e+00
1.558498036768702022e+00
1.577937886656988864e+00
2.078057088128148600e+00
1.007350154943965403e+00
1.327849380562092119e+00
1.262978950928612454e+00
1.602996092613616863e+00
1.622990986849434325e+00
1.253763594247788715e+00
1.207212290851129799e+00
1.222270394976880503e+00
1.012473451637188049e+00
1.023353347932880020e+00
4.960764357687562631e-01
6.539084594508599579e-01
6.384417695125421677e-01
8.103220256659490195e-01
1.226382537846161691e+00
1.286982657265641539e+00
1.239197954934612822e+00
1.875465166601537170e+00
1.513450824489535940e+00
1.069274960021944221e+00
1.029573581463177234e+00
7.749752420215205717e-01
7.527147704393942762e-01
1.552771155465146657e+00
