5.256956610492623527e-01
6.297598803465715989e-01
1.270526150391044773e+00
9.857484750076052071e-01
1.283952177560159447e+00
1.263095298947261469e+00
1.316534678888615639e+00
1.592581371310383354e+00
1.586579315851516014e+00
1.616827071583351705e+00
2.038796401024419502e+00
9.941513589141820484e-01
1.335568567710397225e+00
1.253481772744477585e+00
1.609517393206492342e+00
1.640202457904768485e+00
1.260856067343244291e+00
1.205117754430035104e+00
1.228093036598348231e+00
1.019064761168653854e+00
9.949048135270650572e-01
4.851322926905372590e-01
6.517392301373828856e-01
6.185926711815260548e-01
7.942960840960636704e-01
1.225806736711907208e+00
1.275100999256963963e+00
1.218732964607072367e+00
1.880823924706072958e+00
1.543261714687813813e+00
1.064397850082279939e+00
1.017344310849175537e+00
7.782137944278523234e-01
7.649463275400623097e-01
1.568744845119858899e+00
