5.230965113714040049e-01
6.192673682194906881e-01
1.252314946962205022e+00
9.747585861584630029e-01
1.273654374778384391e+00
1.241910100001283546e+00
1.289744765221709555e+00
1.554927102185573728e+00
1.541734955965574638e+00
1.585661795397595553e+00
2.056711592022648638e+00
9.916915094033167399e-01
1.323142759177543315e+00
1.241642213053056887e+00
1.581658246316735017e+00
1.626722573069821154e+00
1.252044815630347641e+00
1.195379890299882231e+00
1.229438442516196162e+00
1.028491822969993086e+00
1.018589714470877317e+00
4.911368104912174903e-01
6.552885735181974702e-01
6.287605757447616295e-01
8.009427668702051584e-01
1.236515927676485882e+00
1.280214722891362289e+00
1.222274886574018282e+00
1.886979229681543746e+00
1.543825575088646485e+00
1.081400199200263756e+00
1.032458291710169007e+00
7.881980922379783205e-01
7.634188214348136547e-01
1.583287065307204422e+00
