5.204905321404392771e-01
6.238249577590682104e-01
1.266331858811136524e+00
9.614617730396519679e-01
1.279556271253514232e+00
1.270469287760762844e+00
1.300436075367362498e+00
1.600650462439759947e+00
1.548500255885919774e+00
1.576584728194464269e+00
2.051146327729485463e+00
1.003267254883337234e+00
1.352561393320970806e+00
1.264005522172118257e+00
1.610568718702514390e+00
1.639778899591720185e+00
1.259889143216480489e+00
1.190754613177338550e+00
1.212350809130769536e+00
1.018136562910980425e+00
1.002221471849210621e+00
4.902117275856805456e-01
6.608821867336520661e-01
6.316741831412286956e-01
8.048656923831808419e-01
1.254640232928604382e+00
1.288574196811362205e+00
1.217865617412316137e+00
1.898432516587480468e+00
1.558819371731022363e+00
1.075126381301046541e+00
1.016130431138183354e+00
7.802979479004806818e-01
7.679112090230943988e-01
1.569968768285162852e+00
