5.212984995632232721e-01
6.207978257111812503e-01
1.268004577114925091e+00
9.721276498826307844e-01
1.286926468243744681e+00
1.268217535149198438e+00
1.307687850255627282e+00
1.575162886239598770e+00
1.546345216163712344e+00
1.584215736184182655e+00
2.073020257069122074e+00
1.000167947370314669e+00
1.345181211966875123e+00
1.242237539728403117e+00
1.590681240627616289e+00
1.629637564959140361e+00
1.242028944233364296e+00
1.182503313662685018e+00
1.211463221803658730e+00
1.024490339947778494e+00
1.011905707244880936e+00
4.882131038981317728e-01
6.566248163886030387e-01
6.268407447287801526e-01
8.026675910302284445e-01
1.249904164905811799e+00
1.283949037262166026e+00
1.222414339203400813e+00
1.903528672248803177e+00
1.557187780936255983e+00
1.078162130921840101e+00
1.026490001219449111e+00
7.825733902133529263e-01
7.623779961652541459e-01
1.580159645937124768e+00
