5.236106799170563431e-01
6.303456446913221489e-01
1.248553559918802014e+00
9.672603160295788483e-01
1.280595973060441262e+00
1.247686343219816196e+00
1.290721056601726646e+00
1.551285164923450921e+00
1.537056552827819500e+00
1.589079131626372821e+00
2.031577411290823143e+00
9.993054229094968655e-01
1.334409191829448060e+00
1.242465853867203318e+00
1.589082615460899905e+00
1.642866046804486890e+00
1.243329442013573871e+00
1.190851071163785635e+00
1.231156122772318895e+00
1.033845585383858623e+00
9.978695722712702665e-01
4.908385323567239777e-01
6.554346992072785927e-01
6.274166669557422749e-01
8.024501558787738853e-01
1.227031639834824883e+00
1.278254712284401906e+00
1.224302217824757344e+00
1.872088312258825216e+00
1.529106363610941210e+00
1.061810809106445541e+00
1.016993965292018132e+00
7.851048329159115990e-01
7.719857341439365639e-01
1.569438875613530682e+00
