5.147519254189170113e-01
6.176219128652448154e-01
1.253617490011497582e+00
9.673145823668253263e-01
1.289175328489674754e+00
1.264541331144503733e+00
1.292848320423993114e+00
1.577328339698786719e+00
1.546232106653387506e+00
1.583752582918503959e+00
2.087321226199680080e+00
1.008713855079435895e+00
1.336533475243030011e+00
1.258221389113134192e+00
1.598479062385337768e+00
1.637267350031442970e+00
1.247352143303364969e+00
1.195988796385871744e+00
1.225010357285460927e+00
1.024265746457900583e+00
1.012964049386708032e+00
4.895225797009139512e-01
6.486114088381116360e-01
6.260531656870893524e-01
7.953551624140203780e-01
1.237088484073367578e+00
1.278905594241622534e+00
1.226242942347834486e+00
1.907287579614769468e+00
1.555391279939167815e+00
1.065893394246415049e+00
1.022002138293020668e+00
7.831575115670125209e-01
7.662973317013466179e-01
1.585691202699339719e+00
