5.257852305405467108e-01
6.286000107772595769e-01
1.256654768289975799e+00
9.788031508749654996e-01
1.292235008678843666e+00
1.247935880718542556e+00
1.295583385149857047e+00
1.577629595860402301e+00
1.554797349248176586e+00
1.587709842721342302e+00
2.055734945153761206e+00
9.930618274871960693e-01
1.323640390809650791e+00
1.255420053040661843e+00
1.588467862877558368e+00
1.622093105546367209e+00
1.264191229882762224e+00
1.200075091321379572e+00
1.225478700112919261e+00
1.021168349360178862e+00
1.001870105875073191e+00
4.839723917670108455e-01
6.450810896644070258e-01
6.292247027504005441e-01
7.961504330179142164e-01
1.226643095373102899e+00
1.300125200226949440e+00
1.234186594172367757e+00
1.901533179357720815e+00
1.540717739389211749e+00
1.087474731805446515e+00
1.032321145118322514e+00
7.956028070060944257e-01
7.706931227441863319e-01
1.595410014322928838e+00
