5.103345291018767105e-01
6.247201940528239739e-01
1.257330145225703300e+00
9.766594927400845672e-01
1.292286087415234652e+00
1.248636209746788683e+00
1.302538639100879969e+00
1.570319848635525650e+00
1.537194289557321403e+00
1.586576793062489221e+00
2.068583823153896439e+00
9.930853996367409176e-01
1.333667105867695657e+00
1.248931996578860115e+00
1.573930628826038847e+00
1.624493290503162379e+00
1.257627991546049318e+00
1.180152544740185272e+00
1.218065050383208447e+00
1.032125089092927217e+00
1.001097447331978918e+00
4.806067065937001392e-01
6.454322615939012131e-01
6.276453974970015448e-01
7.909720608233681283e-01
1.237357725207045567e+00
1.305943901501995352e+00
1.225491980940114356e+00
1.917099281884947715e+00
1.564350735623972755e+00
1.066826832798259739e+00
1.001105581290552937e+00
7.781265429587510551e-01
7.772672108726500495e-01
1.619037375101116671e+00
