5.193855515301528669e-01
6.165368034894749272e-01
1.237090898924624982e+00
9.496647139428168183e-01
1.279257485112384352e+00
1.262008646793407518e+00
1.287853010001519083e+00
1.526930697589720110e+00
1.528832377482829186e+00
1.557729753043204157e+00
2.074908550263411477e+00
1.020142212581502950e+00
1.356113364109963193e+00
1.234291432357190743e+00
1.609865413589418148e+00
1.640294443052247031e+00
1.209920947427296278e+00
1.187117136513138327e+00
1.209555547834893829e+00
1.018901598360935745e+00
1.007827838138339205e+00
4.955050768715357212e-01
6.586935119853581933e-01
6.224521836252475682e-01
8.118538424250431040e-01
1.235533882255586358e+00
1.256197388642748658e+00
1.232521389163295122e+00
1.875734100570661589e+00
1.521867382637485777e+00
1.058251137382571372e+00
1.038305901383576479e+00
7.875162538142376212e-01
7.584626580325187772e-01
1.542667909236679291e+00
