5.193975743207784879e-01
6.257991960842912427e-01
1.224660665816550198e+00
9.674786310386580546e-01
1.283359326202493156e+00
1.227872616646590753e+00
1.284538749794161605e+00
1.535344416993944971e+00
1.542719638298664320e+00
1.595116481145506970e+00
2.050752596412144690e+00
1.002622727192678198e+00
1.327717955294905883e+00
1.253689662654629888e+00
1.594577480892207300e+00
1.648735620582167050e+00
1.250410177879104801e+00
1.200991125060162368e+00
1.241781519943336187e+00
1.033963943639575778e+00
1.004914049696250311e+00
4.913072726878087715e-01
6.506111120591181463e-01
6.319574320469629747e-01
8.037914964464059064e-01
1.209784493752673384e+00
1.286277381138071441e+00
1.235440774908512340e+00
1.859458701717878970e+00
1.505097402872733525e+00
1.067577836224657295e+00
1.025384733185296549e+00
7.886252626379391950e-01
7.691018181908382267e-01
1.573111707707238294e+00
