5.212873305062183382e-01
6.274971766884461788e-01
1.264512094507895368e+00
9.711028390914578923e-01
1.293426253792684166e+00
1.264290928271684100e+00
1.282805439376587309e+00
1.579443226162125402e+00
1.537698561522779617e+00
1.588528400673567598e+00
2.061246332005208792e+00
9.998250975714888522e-01
1.320977951806578288e+00
1.249053475266909574e+00
1.583455942690288110e+00
1.635798328176817140e+00
1.249271975969377779e+00
1.198699751592933849e+00
1.238323717621242936e+00
1.033055788971052324e+00
1.021203107121540166e+00
4.953432689555520296e-01
6.544520021105934005e-01
6.400041889727088318e-01
8.113491187068326838e-01
1.260101188620796009e+00
1.292041759893455932e+00
1.239738156641357447e+00
1.925429496062350365e+00
1.553093680103093011e+00
1.073351442745729800e+00
1.029900720211754050e+00
7.937464627183992150e-01
7.707019202347967779e-01
1.588884405894560592e+00
