5.230183208071937928e-01
6.177755574011917217e-01
1.244947121710975546e+00
9.672422111024208125e-01
1.296787381744911372e+00
1.258377476835155884e+00
1.300661012384765947e+00
1.568826640687797758e+00
1.548200952109612505e+00
1.592095529651678998e+00
2.099123809948278740e+00
1.010787892023656820e+00
1.344710763710703638e+00
1.260155241398287718e+00
1.600634188974280114e+00
1.646015353111065505e+00
1.246705912627606549e+00
1.190318566765510511e+00
1.224066466582685253e+00
1.028351989760925234e+00
1.019612476292012460e+00
4.909724432203061428e-01
6.531696059020818401e-01
6.325913435875034629e-01
8.035099953810417306e-01
1.226162834963408610e+00
1.288445720982452247e+00
1.230170522511266018e+00
1.877250294385599094e+00
1.526008191574438122e+00
1.090818031510154329e+00
1.041481349143952517e+00
7.886570277418637476e-01
7.572454642515697998e-01
1.572587084322341733e+00
