5.200757138184507467e-01
6.271824658049259815e-01
1.237559025972940541e+00
9.717048581160047105e-01
1.300574258533939043e+00
1.250431519746179942e+00
1.317556480910899497e+00
1.544519246647331645e+00
1.544208205353460706e+00
1.596763578192938571e+00
2.073677644774048368e+00
1.010401519041178142e+00
1.355922500444683321e+00
1.248036832370937432e+00
1.589174112340507650e+00
1.643259848766046138e+00
1.235188990566110645e+00
1.172024294765614094e+00
1.211912810818559727e+00
1.034033864512102996e+00
1.004850173540876579e+00
4.896142581819278861e-01
6.570447259792299155e-01
6.316470472738034969e-01
8.043008905088979699e-01
1.228875822351582991e+00
1.290091202856882280e+00
1.224118935450253076e+00
1.870307718428333654e+00
1.527880718339186927e+00
1.069776563915264767e+00
1.015070675382985677e+00
7.859840228283719865e-01
7.743145791615158036e-01
1.589149266475342825e+00
