5.308944740510954663e-01
6.335471734861501947e-01
1.243486286917319106e+00
9.732393812247308595e-01
1.287114169166087674e+00
1.247719255073104438e+00
1.278535301932309354e+00
1.543897935994895665e+00
1.522799998982756975e+00
1.583463508188998059e+00
2.031599576214074165e+00
1.003404113258280272e+00
1.313690471837865914e+00
1.241588228385144488e+00
1.564671578606339875e+00
1.627003118386308289e+00
1.237376060133365652e+00
1.191050412672438163e+00
1.238498073378057507e+00
1.039836819836330806e+00
1.004343546183055436e+00
4.960438351943695645e-01
6.494373017793469982e-01
6.351635278529058626e-01
8.004443800916026808e-01
1.220783471403033449e+00
1.280458465135492885e+00
1.232519872046958342e+00
1.879755702449329435e+00
1.525132166289089541e+00
1.072987698219509234e+00
1.032816523554733745e+00
8.025435628006560851e-01
7.770436902369385335e-01
1.573285988094047072e+00
