5.142727508759428190e-01
6.238570349745894417e-01
1.257123690232835544e+00
9.636168824371666997e-01
1.290455924815820277e+00
1.251947427091409715e+00
1.289241030670501553e+00
1.587040669326184039e+00
1.529408865349203284e+00
1.586733741098109496e+00
2.068512259172299750e+00
9.958824551779250633e-01
1.337918683418840793e+00
1.262437961878074111e+00
1.587154493890812201e+00
1.646643775153631806e+00
1.267657598860425505e+00
1.186286217212460636e+00
1.230750265738043803e+00
1.037481720583473654e+00
9.998018260074911234e-01
4.813532493030179826e-01
6.466742156350322457e-01
6.315972926094852724e-01
7.940528656181448097e-01
1.231423451278776504e+00
1.312128449374789119e+00
1.227902468383384127e+00
1.904240839523069884e+00
1.550807892771915775e+00
1.081645103497219207e+00
1.012213928546312536e+00
7.789998569595527611e-01
7.696000173385391108e-01
1.598509002992293704e+00
