5.186304153726701838e-01
6.147119164261952706e-01
1.246533054965403675e+00
9.678537493407860515e-01
1.283738287250998811e+00
1.240741230918475768e+00
1.293943971231221957e+00
1.546629113543634082e+00
1.539570666149264300e+00
1.576626637608055992e+00
2.088357575227077323e+00
9.953536538611172935e-01
1.336920967772805335e+00
1.240744565403088639e+00
1.590705896627336191e+00
1.628992643446296240e+00
1.246536405015508997e+00
1.189827921748668693e+00
1.218465924848240345e+00
1.024069029290792798e+00
1.001977492202868136e+00
4.775628320462699805e-01
6.414441350719213286e-01
6.128098513992709107e-01
7.856574764165518143e-01
1.213477952278525063e+00
1.283202565772323611e+00
1.224826034660774887e+00
1.891790548747420919e+00
1.544538159063027383e+00
1.082633770242975135e+00
1.033381683583559862e+00
7.870951469651941146e-01
7.616693419954051469e-01
1.598063094462976563e+00
