5.249403291042616937e-01
6.188950352272548638e-01
1.251213021096387656e+00
9.681171726335441319e-01
1.278939078365087578e+00
1.243698535308063846e+00
1.275459913916879851e+00
1.558768955320635197e+00
1.537760718417300332e+00
1.583417859110645143e+00
2.066487862348852733e+00
9.939942394607281795e-01
1.317464404073402928e+00
1.245806212881918729e+00
1.588403513424071933e+00
1.635564272456105916e+00
1.253333433358533755e+00
1.205651939067929446e+00
1.241448548741951763e+00
1.029690666529924359e+00
1.026197595339398472e+00
4.936077858964056375e-01
6.542398956404547050e-01
6.262911840980142086e-01
7.985215573347749229e-01
1.232961273048842621e+00
1.268803292801899074e+00
1.220533267163536273e+00
1.884570600577424093e+00
1.544055087459500486e+00
1.076185750702348454e+00
1.035243617218972068e+00
7.906624168764295746e-01
7.637452708961650627e-01
1.587806316754431846e+00
