1.412840196179700365e-03
-4.765623863350474526e-03
9.904486117718559399e-03
-3.433741480481795547e-03
-1.133827136557677071e-02
3.698935220739007351e-03
3.486215270858963704e-03
3.278614043036877021e-03
-3.319569332537498051e-03
1.710032010769027902e-02
8.834542991255002475e-03
-6.697151438371956936e-03
-4.131744880325725205e-03
-1.330003786997727144e-02
-1.179786712921748922e-02
9.877399280269183110e-03
-5.005430650679895330e-03
8.125195719698372065e-03
9.431542229218973020e-03
2.430210126621244662e-03
7.502660608386321761e-03
-1.245039361456624916e-04
9.206482717874633209e-03
7.942719613318058661e-03
-3.893337244122514057e-03
1.731304005757032527e-02
9.254864168957132806e-03
3.213531149045493335e-04
-3.924143652503637655e-03
-6.494253266580809689e-03
-5.199683753643113276e-03
4.134032236109553074e-03
1.049743367608496451e-02
3.733827300409470196e-03
-2.629574139565941243e-03
