1.354142207279751889e-02
-9.702083941830735164e-04
5.162656991617758234e-03
-7.566520240215847404e-03
4.285346502632638409e-03
-5.687894607365654061e-03
3.632915193314410936e-03
-1.690971717008842023e-02
-2.411099250720896182e-03
-8.753195484745585758e-04
-4.866049553905564540e-03
2.942408809451122105e-03
-8.814852196116402389e-03
-4.465163295387540240e-03
1.060026092858957526e-02
8.823735859614937477e-03
1.201168027449417072e-02
4.198225142924946057e-03
6.844976319443984297e-03
-7.008184934275390326e-03
1.730262292127209781e-03
-2.313146087364589820e-03
3.914325035717204117e-03
-3.587852806402420415e-03
-1.251605814258911417e-03
-1.019612934915462357e-02
6.355773008817202502e-03
-3.343865471936358818e-04
1.172778016728642965e-02
1.578851148647766010e-03
-3.898356990777949657e-03
-4.824122190685396425e-03
-8.282891653313221789e-03
2.791802565232888184e-03
6.250572027860713115e-03
