1.008085678215474464e-02
-1.301937669456251605e-02
2.564098701948202587e-03
-6.370871883487591418e-03
1.957539290883872872e-03
-2.551746444815456913e-02
-1.344875884314821433e-02
-1.348378517529197178e-02
-9.678097657098079162e-03
1.206389153414650847e-02
4.572816204254225025e-03
1.276115687034813651e-02
-1.499518614294029911e-02
-4.754262866547189458e-03
3.473661776238047647e-03
-2.417230971437308445e-03
-5.932000762941672285e-03
2.967943490350364710e-03
-1.554780165827207399e-03
-3.519583862364210163e-03
-2.075688606820698737e-03
-2.215759115098252414e-03
-6.060215557504505107e-03
-4.147703455482859743e-03
-4.854749398133416209e-03
-4.814070859844588046e-06
-7.460863068608370591e-03
-3.078209920708353461e-03
-1.496015981079654167e-02
-8.524924052597323762e-03
-3.320257419558436673e-04
-7.504110813048015666e-03
-5.451528202748816623e-03
-4.714678889855862531e-03
-6.767261500155061574e-03
