-4.945676443800017981e-03
4.340625899725193519e-03
6.451057706791128721e-03
6.111360840479286571e-03
-5.084044059795884626e-03
-4.191740706820211958e-03
7.995172705801351434e-03
6.827443530588200860e-03
2.678717170234979489e-03
9.104641046470966087e-03
-1.049817584517047375e-03
-9.032585238140626235e-03
-6.905274865079694818e-03
-1.443339344025051756e-02
-1.029116620712669343e-02
-1.347804305034542433e-02
-3.401561444789795267e-03
-4.229593753691102825e-03
2.817084786230847002e-03
6.994209239405031753e-03
-2.820552525271141295e-03
3.920847213804527776e-04
-6.565577998767852669e-03
-2.898291673663504209e-03
9.042386931484795026e-04
-3.082272366150596438e-03
-1.206900182192546106e-02
-1.590304311519581681e-02
-5.737545689866545111e-03
-9.116937904684145610e-03
-6.142439846773472059e-03
3.249183765908320379e-03
3.703832844361076501e-03
-2.308398553503114570e-03
-2.763047631955870692e-03
