2.209977835732616046e-03
6.373712390513141049e-03
4.942020783639759079e-04
-2.546298745613280110e-03
-9.107881567749050861e-03
8.499305326391161028e-03
2.182161202633585428e-03
1.404617002592852514e-03
-8.480491967166232242e-03
6.747544426992969913e-04
-5.865594041154300470e-03
-6.279240734841283478e-03
-1.010452186222579249e-02
-7.899086315886099871e-03
-6.345875987313111428e-03
4.335570771610636025e-03
3.897936960002224699e-03
6.160893583938748669e-03
2.837367436315435532e-03
6.554264754848462132e-03
3.054417094972120689e-03
9.202353223420906697e-03
-7.064021038248536472e-03
1.702997330226926898e-03
2.157068348226584553e-04
6.991898566456874325e-03
1.229094282644007177e-03
1.070055655871610806e-02
-9.326977662185060441e-03
2.763566853913716065e-03
3.539232982445971593e-03
-3.564173378372193293e-03
-9.450911383455176673e-04
-5.932229293626129288e-03
-8.551311533652804914e-03
