-1.642065784947935488e-03
-1.072795425338416049e-02
-2.881303021541098755e-03
3.872730376173262254e-03
-6.555346189427515430e-03
-1.502847030232471251e-02
-3.486866631806419606e-03
-8.992477098575094724e-03
-1.509604441583547660e-02
5.336335120771201410e-03
-8.450291251218725042e-03
-9.983460389067033355e-03
-5.234573619505317882e-03
-6.095726966970974742e-03
-9.970493474642025747e-03
-5.942581833888486639e-03
-2.247629395213257206e-03
-1.450727325969629333e-02
-1.018276401135589579e-02
-2.510316111071861193e-03
-2.305097588077614779e-02
-1.415606845302367842e-02
-1.198860701721967889e-02
-2.421683799084558067e-03
4.575830909587515032e-04
-6.205268549747091494e-03
-1.448628445496834283e-02
-9.915886275556271001e-03
2.710368472633576699e-04
5.513450817058082251e-03
-3.866926157381644739e-03
8.552052752484608569e-03
9.224068542867260023e-03
-8.437324336793717433e-03
-9.109340127176368887e-03
