7.154882406423491645e-04
-7.648001308202638515e-04
1.293918222670296936e-03
2.619481078128440676e-03
2.238374757911641005e-03
1.789058535274306444e-02
3.719904862931826262e-03
1.156663412245114916e-02
8.881499445743750235e-03
1.256308668406709225e-02
-4.136114687892673142e-03
1.228999786890056303e-02
-3.230308683813699986e-03
-1.564546071001211847e-03
7.548847801468278051e-03
1.937087372420567832e-02
3.141474880903875888e-03
9.662641284965058086e-03
7.358612928474459261e-03
1.050436833057653147e-02
-7.520395896841377235e-03
9.286822980168659911e-03
-4.555871539271841991e-03
-2.509002606242554181e-03
7.929954121685078156e-03
2.673376717387833390e-02
2.187836542399243869e-03
2.129908377589987897e-02
-1.107703794333302419e-02
-6.726140653813136687e-03
1.023398247817567698e-02
1.346889268814606584e-02
-1.291457255834682627e-03
-8.877264755324958123e-03
5.883085188655790346e-03
