9.209871551724970948e-04
-1.737333796390750848e-03
-1.659108582838681595e-02
-1.412364025591333026e-02
-3.692518990547708629e-04
-9.911090385863640523e-03
-4.407685216410823885e-03
-1.275960852713762216e-02
-1.005367248374929023e-02
-1.070286915894244975e-02
-1.572592310795939159e-03
8.198309972759047770e-04
-6.116071823726870402e-03
5.119958794523669053e-03
5.237813329723780414e-03
-7.252769434300393447e-03
1.310438776714848916e-02
2.285018883948205203e-03
-8.763433429522021409e-03
4.150882873053615349e-03
1.081371414872664069e-02
-5.482509000600756417e-04
-8.583517396200356087e-03
-1.110187513480837690e-02
-8.516575027134780720e-03
-1.620627432839526899e-02
1.275925830478042040e-03
9.624130951615527535e-04
2.235851486999928736e-03
1.076594606186213540e-02
2.531877286335446758e-03
-1.524634867187337969e-02
-6.402741361694685475e-03
2.845390021651936045e-03
-5.998217288526759040e-03
