-1.351597212698545623e-02
-4.305768258870731890e-03
-2.394227557403878770e-03
8.715259877843011330e-03
1.238331024325929793e-03
2.480931628897238561e-03
1.133503209049490333e-02
3.860567392037512341e-04
-2.290801204440547252e-03
2.522156044073714520e-04
3.634596788838774170e-03
1.150530452169442816e-04
-4.072583999469331362e-03
-4.504153281098890148e-03
-5.619242431303426120e-03
-6.729272239217485782e-03
2.132875209133258676e-04
-2.184517526562471806e-02
-1.704510435575193328e-02
-1.659325097059482536e-03
-9.386431347874969050e-03
-5.429046237979717401e-03
-1.518207143471621973e-02
-8.136711862828698710e-03
1.857686422213654983e-03
-8.601884857190295053e-03
5.729471678532261497e-03
4.886785878554730095e-03
6.876391351821822470e-03
9.121680013836560436e-03
-2.942384487659127634e-03
-7.454965183900734080e-03
-4.366990721908463845e-03
-2.099698687681596232e-03
-5.187673149673867334e-03
