-6.483776427133661896e-03
-6.349632737563004614e-03
-1.457671023334713989e-02
-1.363482638617259830e-02
-1.493187254844146640e-02
5.268635161700134864e-03
2.747314362357673213e-03
-1.595437541424867336e-02
2.954403755013984903e-03
3.099071417513468360e-03
-2.756267066522425334e-04
6.340495740274236687e-03
4.156773258138395100e-03
-1.921900571371216657e-03
9.955837060813151757e-03
5.134491472129477582e-03
1.084024816857115034e-02
-8.803325455209731754e-03
1.140249987632178941e-02
1.132614891329760190e-02
7.009566941957352457e-03
1.492273555115269934e-02
3.214889410963857851e-03
-1.566738256276887543e-03
1.125288322308201985e-02
5.620392216855929143e-03
2.094738386929656179e-02
8.654727146960385781e-03
2.285846303474473734e-02
-2.128989964027527913e-03
-8.952942108449503042e-03
7.531471382304107294e-03
-5.163324894131984984e-03
3.339714613886673837e-03
1.603451089032276525e-02
