-9.542460802356891869e-03
3.412773139181879585e-04
2.049567535858794805e-03
-1.191329163250622047e-02
-1.102517205665965762e-02
3.410079472574195809e-03
2.462314488595230850e-03
-1.432385121748400679e-02
-7.060917854009047395e-03
4.925122820198654314e-05
-2.569401437940107159e-03
-2.399236895263609677e-03
-9.986814194710589773e-03
-2.726738743810325650e-03
6.981846841254966615e-03
-6.473658643700884452e-03
-9.129713849620454957e-03
-1.195302038733467818e-02
-5.578206599706281646e-03
-1.659038993738619870e-03
9.685167508484301274e-03
8.967212475314234599e-03
3.976044973654425940e-03
1.034800084870812764e-02
6.093727265408405494e-03
9.970162121809515027e-04
1.516452925211809327e-02
8.071760431319633528e-03
6.799351511368647433e-03
6.796493598793952595e-03
-2.810865222199914783e-04
-7.368161528568494337e-03
-2.782506203447289959e-04
6.811682298578470435e-03
-2.782286096452959902e-04
