3.443085941760432034e-03
6.033157568160767495e-03
-1.543781159344941901e-02
1.208783416873706815e-02
-1.341336059539073415e-02
-2.857875653664386680e-03
-1.221984190712395793e-02
4.457105209527438203e-03
-9.361641259419097721e-03
-8.653679960807725974e-03
1.319613857913243433e-02
-1.191624678621154565e-02
1.751443118820471961e-02
-6.158801103923101233e-03
-2.072131020825801820e-02
-5.447947280064723875e-03
6.661055628085892251e-03
-4.187643017449197910e-03
7.494805277732067596e-03
1.281728920080246054e-02
7.141461978556135418e-03
7.530271377339956863e-03
-1.001121457398176581e-02
-8.183252101981786097e-03
4.779884555869783232e-03
7.082862926518461444e-04
5.881157715940609453e-03
-5.412481180456832873e-03
8.374840715533254324e-04
-9.017001751627961442e-03
-6.902563739311481407e-03
-4.335387351735438093e-03
-2.896234278519282425e-03
4.391075157085960919e-03
2.951922083869805251e-03
