8.224642438449072945e-03
4.604856289224818627e-03
7.462240347598696547e-03
1.227257095109164295e-03
1.237714620193765096e-02
-2.833781184052156388e-03
1.899615767027093647e-03
-1.215333717912618974e-02
-1.688433728434658764e-03
1.100051371365276531e-02
1.381606118166201283e-03
1.050638107597476854e-02
-6.935448453770439933e-03
-8.852373460615266601e-03
6.109719998252946885e-03
7.860049651720974959e-04
2.662017857877470913e-03
-5.155951835786280225e-03
-5.840937491923235692e-03
8.143129655278887394e-03
4.759205312281857350e-03
2.734091163261937948e-03
-7.004652012809076816e-04
-1.376727931495422101e-02
-5.040169108575539778e-03
6.267116762573514410e-03
1.070116211324023334e-02
9.361033620357270268e-03
7.117504492382843891e-03
-5.264323965153513106e-03
-4.355183452438584311e-03
2.683459141716124097e-03
-8.358240822937269832e-03
-3.015054959555620376e-03
8.026645005097773553e-03
