7.588802312275718699e-03
6.705895615952484241e-03
3.332024457913643906e-03
1.706730185797159655e-02
2.961809099501222856e-02
9.084360084973264193e-04
2.781670624253131802e-03
-4.591249932013423407e-04
1.366776907526337861e-02
2.998864491060645662e-03
2.285806760994279346e-03
1.469087424612264790e-02
8.019150551638752969e-03
9.846091959845695504e-03
1.435894786958088684e-02
1.791342704820560877e-03
7.038448478615205728e-03
-9.937624538897215851e-03
-8.361519607473132110e-03
6.372735649099485131e-03
-8.075599481024830356e-03
-8.221321132937097279e-03
-5.716126848419197937e-03
-1.643997457725289088e-02
1.808158732540251796e-03
1.125629875304840280e-03
3.653367762692946372e-03
1.931541179356595708e-03
1.125994616909322538e-02
-1.040006491164551308e-03
2.320538011161667538e-04
8.732208281705119285e-03
-1.845917795216306737e-03
1.953880384452517417e-03
1.253200646137394431e-02
