-7.686543428302001178e-03
5.634019800704414757e-03
-4.691053780785015351e-03
-1.090322927827788030e-02
-1.387119108919815727e-02
-5.293623181798182316e-04
-2.171222759645249044e-03
-1.151631619178161182e-02
-3.005659022249309968e-03
-5.041496242087297602e-03
-1.862991919734455562e-02
-1.033841181302734731e-02
-1.193567060233716691e-02
-1.338048897184204895e-02
1.690032171257701762e-03
-1.384992554718623634e-02
-5.166712407162235739e-03
-8.299630341805731837e-03
3.178988638646844389e-03
5.283577339402133373e-03
-2.092670118362258830e-03
9.166799076875224717e-03
-5.723495104844301962e-03
-4.200351663428908769e-03
4.657993982177976999e-03
-3.399635800621867224e-03
-7.642965323742762461e-03
-7.862115108957856008e-03
-2.590577170200804129e-03
-1.254605270923798803e-02
-6.820624998274600094e-03
1.652752352920092843e-03
-8.083573400901999245e-03
-6.601475213059507414e-03
3.134850540762583807e-03
