5.050944491285104532e-03
-5.298201554119613688e-03
-1.308028725496189829e-02
-3.259293950094502117e-03
-1.256143441636833197e-02
-5.463597911681310898e-03
-1.285867212933861949e-02
-9.384983235141898528e-03
-1.810667482513927604e-02
-1.259847784367230938e-02
2.090723953659887231e-03
-1.167346770268523626e-02
1.862213772410606719e-02
-6.245324415301376636e-04
-1.894768528848786437e-02
4.885548133723409056e-03
5.272559616908384199e-03
-1.074744793762292747e-03
-4.942959174858395366e-04
-4.816392142830024786e-03
5.181634963477566025e-05
-4.410234840436519713e-03
8.801144419238671884e-03
-1.143385280123705716e-03
-9.645544822214035391e-03
-5.203403626015000796e-03
6.012109277120475728e-03
9.696092107727288800e-04
1.514844882990934796e-02
4.623470254270518887e-03
-1.022599369849049034e-02
3.932935926773871438e-03
-1.549542582517209055e-03
-5.183493632142741753e-03
2.989848771483404749e-04
