-6.912464278508168025e-04
8.275150907245990353e-03
9.399055842941128266e-03
8.935876215184095951e-04
5.776435476546095023e-03
1.286982510397034589e-02
7.502828798414819082e-03
6.071191436211955533e-03
3.714338763815272504e-03
1.496909438636658506e-03
-7.696012535339864791e-03
-3.034925947824403981e-03
-2.193079395666370449e-03
-2.272756095270523150e-03
-2.855715179050785906e-03
3.903427768873538733e-03
-2.587473472377125987e-03
4.486357386842729569e-03
-2.753343140581639321e-03
3.730045029415205923e-04
-3.144492496122835989e-04
-5.362105171245086510e-04
6.312388825756349089e-03
1.349864271124510962e-03
-7.738563034078471334e-03
6.863905744192185313e-03
-8.973788675814738927e-04
6.120560392330669404e-03
-7.614420334635067919e-04
1.515733939329023429e-03
-4.988625066541033104e-04
6.999842578310152413e-03
2.259079291190539338e-03
-7.516801766566246282e-03
-2.776038479446633206e-03
