-1.235745485247280191e-03
-6.525743238646378348e-03
-9.561007193593928921e-03
1.031103463666148239e-03
2.069751499905508364e-03
3.775823556779092649e-03
-1.737515303619960316e-02
-3.462700791842727218e-03
7.198799253507627734e-03
1.295323566838027171e-03
5.072946470955164676e-03
8.103558441157406034e-03
8.250034257563092221e-03
1.540596644584339356e-02
6.430226714437111725e-03
9.065821310178190373e-03
-9.049891327852952264e-03
-5.729549740756154780e-03
3.893302268354839179e-03
4.330587521785577744e-03
-2.483900231357361477e-03
-4.919362973944806788e-04
-2.342076399696985806e-03
3.775207752343956707e-03
5.391578678197751599e-03
2.244630015981671778e-02
1.231147081957698411e-02
4.680582744428870082e-03
-5.662417986793783289e-03
-9.167985843863834736e-03
-4.231273330913242793e-03
4.472411353445953849e-03
8.597731571524014696e-03
3.399614744234870801e-03
-7.257054738431909131e-04
