-6.181362952500751157e-03
2.125865439097330764e-03
8.549704855297310391e-03
-4.922484544701098003e-03
4.594826036875150274e-03
-3.484234545309761871e-03
6.546309939129756755e-03
1.178713793281552930e-02
2.694005155337818314e-03
1.410631283068779912e-02
7.265752276466757795e-03
8.786708044665976491e-03
4.135604418770762181e-03
-1.934825017771420880e-03
-5.502902562206646309e-04
-1.179146293690784206e-02
-8.184757868668304792e-03
1.052825952501587441e-02
-8.082183834038084852e-03
7.682473414487818626e-03
1.431410226026518483e-02
6.317747446888155247e-03
1.760779381876917057e-02
2.020053800650738803e-03
-1.006760083779691117e-02
4.075768346248282228e-03
-8.005620201658531637e-03
2.608468344018398041e-03
-1.105223574915009492e-03
1.917479766020517562e-03
8.542842521257046351e-03
1.097616497299180351e-02
3.384779768250400882e-03
-2.071246024419883328e-03
5.520139180321520164e-03
