1.528001138835855498e-02
-1.964898436676739552e-03
1.187338415052615996e-03
1.254975750338453364e-02
1.114956940044946896e-04
1.024273800361621793e-02
1.239753302085318774e-02
1.724008292588517614e-03
-1.898603259720852039e-03
1.125424626057981367e-03
-1.732335450411633115e-03
3.788990429933068206e-03
-1.923190498346867647e-03
4.682258105144451212e-03
9.708386544111881258e-05
2.748764782865151593e-02
2.649020599415912586e-02
4.454262177562538089e-03
1.326991243463320792e-02
-2.026812225671373747e-03
-1.624699139047290630e-02
1.712596299251834290e-03
-1.328560958667878572e-02
5.758100826192573060e-03
1.253534567482115884e-02
-1.029370391178988445e-03
6.786394260616068069e-03
1.593033169327013818e-02
8.750334229917803783e-03
1.897839438571849099e-02
3.719695417750488575e-03
9.345695781227472687e-04
2.018692301269364373e-03
-5.424242014903582834e-03
-6.508364738050199938e-03
