-4.942587915185760530e-03
-7.706486685004921081e-03
-3.188462198556376182e-03
2.610099082896783027e-03
2.549029998631660836e-03
-9.421540699871080310e-03
1.670995107793895457e-02
3.330683179732906157e-03
3.926409672351201252e-03
-4.129414686976492707e-04
-1.360758350980129181e-03
1.327756405003602778e-02
6.594573117191088706e-04
6.852692955305252076e-03
-3.714017634470422394e-03
-6.657641930051920627e-03
1.495582536130956805e-02
-4.222003818349638268e-03
-3.565208241466221416e-03
-4.930965955146193735e-03
-1.167734411888183242e-02
3.022047366399447169e-03
-5.139103969734050772e-03
1.115200758117215708e-03
-3.652948550205300203e-03
-2.654443324650768501e-02
-1.411298223058411738e-02
-7.038632218625291009e-05
1.403872520992515555e-02
1.963623436089300539e-02
-4.309744127088717056e-03
1.607274194001588781e-03
-6.837812563428425847e-03
-1.835234003548658066e-02
-9.907253278056566900e-03
