-2.518815338012394059e-02
-1.770184885019833801e-02
-2.258273257922158508e-02
-1.358302019104280084e-02
1.194056825658400788e-03
6.279224079515350818e-03
-6.843620035045832467e-03
-8.242643165853146339e-03
6.218917110418695909e-03
5.161757406251306357e-03
-9.279287418540761723e-05
1.785989650568185760e-02
2.496382807949506025e-03
1.297534328759043440e-02
7.451826028371530755e-03
-1.207080450410253063e-03
-9.449040835948184502e-03
-1.984777635493428435e-02
-2.016329309536364633e-02
1.004264113527455517e-02
-4.211621533340943052e-03
-1.036009170174880326e-03
-6.503329580229279087e-03
-1.080144611728955234e-02
-7.325250988329671739e-03
1.828460152081248791e-02
1.442907437118308954e-02
1.792020347477851078e-02
3.895405938756819463e-03
-8.719385787409224264e-05
-7.009734247900310626e-03
7.750933088386220866e-03
2.772041881598848873e-04
-1.050086335149573447e-02
-3.027134451269398920e-03
