1.728485559287356102e-02
2.199874173393426453e-03
-1.428193818295271297e-03
3.144260239392147882e-04
5.991446244743172875e-03
-1.535632643239945652e-02
5.702840854836346493e-03
-1.040547747827842186e-02
-5.998163274976379272e-04
4.967307633109641768e-03
6.239783660950903865e-03
5.370015567216454913e-03
-3.444202992309398220e-03
-1.497312939463734879e-03
3.931879380417481473e-04
-2.713450129193220638e-04
2.441589026600517881e-02
6.564952090655922640e-03
1.069359302063274848e-02
8.595375624798340386e-03
8.125231810405114663e-03
1.578443495866707624e-03
-5.186822834543886040e-03
-8.916953002502179051e-03
-5.283832282762208205e-03
-1.609185965412615951e-02
1.288934706829870935e-03
-9.386494537685363682e-03
1.266411534080537013e-02
4.805344242870249541e-03
-9.412473212739035783e-03
-4.716679020150660318e-03
-1.900020873570547157e-03
1.262956031776198834e-03
-1.553702114803915410e-03
