-8.598619119343699907e-03
-1.535270480981124758e-02
-2.169303412506361911e-02
-6.300667034553706497e-04
3.547903235816814681e-03
-1.091401694902533956e-02
-1.171005512129749682e-02
7.510588908723649613e-03
1.454332585917199674e-02
2.004340028267470250e-03
2.330678441166586859e-02
5.431390885761878257e-05
8.475048079683175639e-03
1.536723916790537839e-02
3.697917287374215788e-03
-4.159931258557791889e-03
1.384359884422418918e-03
-4.579635071646805111e-04
2.396803504011481289e-03
8.344669343519840049e-03
8.584146305309989927e-03
-1.884629413677044174e-02
-1.258791934192507109e-02
-9.873698192975052801e-03
-4.800526518979695428e-04
2.800378200539629242e-03
4.882178553916879417e-03
-2.540302889933971492e-02
-1.074559595033797166e-02
-1.088614181256411517e-02
-3.334819663074131777e-03
-1.282739630371522270e-02
1.731726528731522899e-02
2.695038779018246386e-02
-3.194273800847988263e-03
