-3.687371403356565214e-03
-6.714989028332847554e-03
5.140509578640109489e-03
4.822449784141244478e-03
7.441178299878205282e-03
-7.485552039668812857e-03
8.880551631787751005e-03
3.714208402410081045e-03
1.307442628161674912e-02
9.871279813331620967e-03
1.496274199808755867e-02
1.626713689281649930e-02
-4.456883174083093452e-03
4.496579219846794095e-03
3.531343847871466768e-03
-4.457934414692530517e-03
5.267064979107516321e-05
-4.795612785087727779e-03
1.945876578381977758e-03
-1.984218793641338244e-03
3.425303185613467506e-03
2.110969564605445596e-03
-4.138823379584227573e-03
2.195910498608697869e-03
9.126153321345042285e-04
-6.494823858124942895e-03
3.762981556008664769e-03
-4.292841428469062678e-03
7.094600552945747735e-04
3.027045700177959792e-04
-5.828874031335201308e-03
-9.548345358839032890e-03
-1.899277859638085538e-03
2.226948953142526139e-03
-5.422118546058421647e-03
