-1.017743640406205269e-03
-5.024719433971474615e-03
-2.885778033019578259e-03
1.682738607361197389e-02
-8.611303656881933236e-03
1.897716192082297797e-03
-2.546409187586414196e-03
5.822868012761056242e-03
-9.270184935989892253e-03
-1.977671774512895081e-03
2.192833243844658983e-02
-8.209252657010966681e-04
8.007045509620776963e-03
1.801417917615840553e-03
-1.503712905381339449e-02
5.904691985647567143e-03
-6.783747949730412063e-04
-1.202226170125712465e-02
-1.676624919514164286e-03
-4.116613175464791871e-03
7.622693086313872546e-05
2.765658957209359350e-03
-1.170611859701077562e-02
7.526943541478195096e-03
1.040156067668051264e-02
2.466453605155816478e-03
1.800318061776783052e-02
1.034697586237109251e-02
-3.622316907266934748e-04
8.525193666019319910e-03
5.592389493755314106e-05
-1.589895870333870795e-02
6.446714088040456092e-04
7.712128650334292013e-03
-8.831501461808459810e-03
