-4.522101281020235453e-03
6.465010563969312424e-03
4.829469449906770989e-03
-1.962467918972910647e-03
-6.449665276226037094e-03
9.718486447261991470e-03
2.699348620199248580e-03
6.882570306313838190e-03
9.638282734944398494e-03
-9.816081404184790610e-04
-1.024849340171794798e-04
-8.935896903788374465e-03
5.506299719868950129e-03
-1.271597076387201430e-04
-2.320301600392328176e-03
-1.268625397727555539e-03
-6.652222110727757862e-03
4.322936944266514252e-03
1.156584673015020014e-02
6.539329736440615062e-04
8.324993548925043590e-03
3.978778936406974186e-03
1.229823708874863350e-02
1.115197501849408794e-02
2.166895756860797405e-03
6.037529686644263829e-03
2.733431206930974668e-03
-8.855693191470781489e-03
1.323078033754360519e-03
-7.066093822383870057e-03
-5.076014029022888480e-03
4.627176513467649681e-03
7.827129055731175261e-03
6.513110369378867677e-03
3.313157827115342530e-03
