7.357850817187741935e-04
3.976721758422610206e-03
1.058698213238746730e-02
1.806693565787254735e-02
-5.462958735873096362e-03
-2.160016912165725611e-03
-8.577154069210968582e-04
1.343193137013855287e-02
-4.811467667612492893e-03
1.150083342772060396e-02
2.052542918040617739e-02
-4.528369476414923107e-03
1.405180104605672012e-03
-1.714937814479438466e-02
-1.501485467908128361e-02
-5.400953588869562491e-03
-1.070891245758978823e-02
-3.899219206015222452e-03
1.387276149979377662e-03
4.890573053755748606e-03
6.435215280956238515e-03
4.911311017880784328e-03
-6.074773420879411509e-03
-1.099437276533819265e-03
8.515039714664362699e-03
1.019853192247597608e-02
4.933480898101898909e-03
-1.876918720968155825e-03
-1.288446667245397859e-02
-1.319562588410298602e-02
3.228544358669762152e-03
-7.619415648079900551e-03
-1.120175240658854987e-03
1.003894397773981775e-02
3.539703570318771322e-03
