1.137271215870665902e-02
-8.080644574805503216e-03
1.040092323246433713e-02
1.514119597641687062e-02
9.229852472343797951e-03
-1.626479878569002391e-02
-5.540658915618636854e-03
-1.269671534169456058e-03
2.243243199654284224e-04
1.642576979723226610e-02
1.612748294475417968e-02
2.836041431354768393e-03
2.967999278837165408e-03
-2.176607906541490854e-03
-4.923549358448308516e-03
3.188557947822138333e-03
-4.568869989376316693e-03
-5.038155351879668523e-03
2.367184006328288196e-03
-2.055798010037574244e-03
-7.094357606468195895e-03
-1.447445561579453407e-02
-1.772273465115368086e-03
-1.005537146420951242e-03
9.877941456247641555e-04
5.701629927160880781e-03
1.132355693233610960e-03
-1.365308167430068394e-02
-1.302988102612015388e-03
-7.941591142125555697e-03
-6.417545212583193430e-03
3.266286131315253999e-03
1.141312045933600902e-02
8.367892154951102335e-03
2.210578269303473120e-04
