5.594715032272031506e-03
1.334392665746015304e-02
9.290052731718569448e-03
-5.660969505649047877e-03
-3.256603348297281049e-03
3.796317745307019667e-03
7.992519674018670750e-03
-6.097186666202732835e-03
-9.585332927494681979e-03
-1.808296715075712003e-03
-8.597016679367601097e-03
-1.353837351193764790e-02
-1.062911316161247594e-02
-6.725676786850194253e-03
-6.809788956997661451e-04
-3.952893879881102732e-03
4.297181974572133675e-03
5.158497871718346547e-03
-7.340145469253694238e-04
2.245577210665872236e-03
1.040787948374160068e-02
3.062156493819785316e-03
4.321909075755142257e-03
5.820979293165656245e-03
-3.085345053051533407e-03
-6.004498643787364170e-03
1.296487732142152056e-03
-1.567228391359479374e-04
3.460593178608929385e-03
1.085217581466315848e-02
2.807167365592182565e-03
-3.840393197320587058e-03
5.004400010011744032e-03
4.260377936870282829e-03
-4.584415270462047394e-03
