4.213882504485549213e-03
6.698659822020195873e-03
3.342049691969273262e-03
5.018864593352871661e-03
-1.661282513527290172e-03
1.012266657158502475e-03
-3.309684825823803675e-03
-6.864367369261969651e-03
5.896963277882843329e-03
-8.530904741877721326e-03
-1.725411973418446154e-02
-2.013026240432942010e-03
-8.389200126871878757e-03
-8.030994011378848885e-04
2.096491762074449705e-02
-1.472510660376145052e-03
-2.437852013307526856e-03
-7.669349458129292967e-03
1.177212829589568271e-02
-5.174294611826797848e-03
-1.557432450551713907e-02
6.346916095114545769e-03
-1.006601502825547889e-02
4.200232804358678546e-03
2.764506472762465888e-02
-4.208953258895415175e-03
-9.377485707763989417e-03
-6.897722861157280262e-03
-4.834517583433714516e-03
-1.000974750484453016e-02
8.203586973599682336e-03
3.340148654348597257e-04
-7.320977902582664204e-03
5.723824126992974048e-03
1.337881689501049971e-02
