-1.822561191046965026e-03
6.177568307709865869e-03
-3.244045310045379216e-03
1.662083942633087175e-02
9.898749001416500687e-03
-9.560988855880617546e-03
-4.741147530179290470e-03
4.254817838154276166e-03
4.215939760919617391e-03
-8.181470720924996498e-03
9.670589486782732447e-03
1.353476500908609020e-03
6.680551110609916909e-03
1.086678663938535003e-02
2.189133348352027136e-03
-1.756111835463744844e-02
-3.319663411180876281e-03
-1.418858277922355367e-02
-7.505370431543848322e-03
1.240142896830245117e-03
-7.726816318382734305e-04
-2.367704192798022328e-03
-1.318433362576632885e-02
-2.276007672076526406e-03
8.911223773266394726e-03
-1.300131204662632704e-02
-4.145217207252168204e-03
-1.242345211589162418e-02
-2.315414257723651462e-03
1.909699348286445636e-03
2.228011425586692851e-03
-1.117150909709781030e-02
1.331839417551742774e-03
1.050624633422614883e-02
-1.997102180423405114e-03
