2.299742710898636938e-02
-1.092370325582042723e-04
-8.725083994148910560e-04
-1.873468492921705197e-02
1.226914649460865946e-02
-1.020254008993111070e-02
-1.782039560287666802e-02
-5.914955576728424952e-03
1.248509549121100404e-02
-1.024462265723631582e-02
-3.574745162482084043e-03
7.373101137010064712e-03
1.250502628079124511e-02
1.657950601141972707e-02
6.151405283881113475e-03
1.290412405161346122e-02
6.049539905524590686e-03
3.581715646147499987e-02
2.321337610558871223e-02
-9.481351290379629038e-03
1.505070273417676539e-02
-5.005282390156799016e-03
3.036720281059340776e-02
3.437851117396176128e-03
-2.485242613994460142e-02
-2.626767144290758065e-03
-7.862329675684769786e-03
-1.531453444413205002e-02
5.995862546430016059e-04
-1.372598508266794672e-02
-1.224864578405831725e-02
5.835148786037013327e-03
-1.038217782826654327e-03
-4.796441015611035280e-03
2.076925553252631507e-03
