-1.074461852168544923e-02
2.622041918942313171e-03
6.279332035368484499e-03
2.389083724918562857e-04
-1.903380372347810573e-02
8.523859378103418316e-03
3.664907287478924580e-04
-4.447060452134832254e-03
-1.163040347750764203e-02
6.944039076972195051e-03
-1.021347244700857027e-02
-9.480942533313625048e-03
-6.339029403111085675e-03
-1.685266254970558403e-02
-9.887629203340051603e-03
-4.842801062524344086e-03
-1.665745982830604127e-02
-1.543058734631213777e-02
-3.341218275714983796e-03
3.286748960546021989e-03
-7.830338900558115114e-03
1.217490310910679559e-02
-2.986057402344539924e-04
8.460473209141007936e-03
9.385082892629913881e-03
1.510140772632771744e-02
2.757447383229677702e-03
1.067332032229743356e-02
-1.525478222228358362e-03
-4.855768343450049540e-03
-2.704286177967240093e-03
1.081848212086968311e-02
-4.276809394197656627e-04
-1.062015911703499682e-02
6.260039432544515191e-04
