1.172774584692792832e-02
1.345027387953771393e-02
1.269668329896041573e-02
1.579497249228766637e-02
2.456689897331094594e-02
3.598993010772438828e-02
-9.022090489075663619e-03
3.590979370974800144e-03
1.034655868072822428e-02
1.307806149887487390e-02
5.228380537318352492e-03
7.770268797526120111e-03
2.711189341497846628e-03
6.669564641638400619e-03
1.090925275067903231e-02
1.004232827029944569e-02
1.656743227341959078e-03
1.381230427545034750e-02
2.432897077912195630e-03
3.342295065731136581e-03
1.535401931073392037e-03
