1.031012636444072171e-02
-7.033504173689915200e-03
1.690608898274976318e-02
-7.872879731056633360e-04
-1.165031118910889521e-02
4.740056004589756830e-03
-1.593079034195093655e-02
1.830338754958566730e-03
-1.192928219827824998e-03
-2.539417903403141247e-02
-1.690834172542773559e-02
2.763852837717868660e-02
9.732431471443215784e-03
-1.338192972382102556e-03
8.453990845742173979e-03
-5.930568481651471739e-04
-1.972185718060365592e-02
-1.886318441653196329e-02
-1.499476809632895556e-02
-7.772693892281851494e-03
4.592500064481162825e-03
