1.508378046846218200e-02
-4.526601034578373907e-03
1.392601697560301270e-02
1.417813510153180176e-02
4.325762135933230307e-03
1.201596975587371739e-02
-1.740040366730793986e-02
5.215948897653970885e-03
-4.114432885664041678e-04
-1.330431707814223180e-02
-1.217569228033751547e-02
2.695192333657254677e-02
2.088689733874376023e-02
1.025698017310445673e-02
8.062078823285859924e-03
9.268725686280869167e-04
-1.546584888082408286e-02
-8.189287954570578787e-03
-1.995689482782436394e-02
-1.006125166154418424e-02
1.344331632627375440e-03
