8.669080088292237252e-03
2.389593909550427782e-03
1.463100110925460648e-02
1.256396313079536330e-02
1.246042427905613530e-02
1.859446489939038313e-02
-7.921551963689744957e-03
-4.766033232421791263e-03
1.013580020962027940e-03
7.664074566937160299e-03
3.370038621670630886e-03
-2.787063102620533812e-03
6.687502589438515908e-03
1.078353270930612357e-03
1.108826574004479187e-03
3.269297142311958226e-03
-1.062086808141719622e-02
-6.019996598931256701e-03
-5.338112471244545881e-03
-6.522519837595522948e-05
-3.836452854307777910e-03
