5.943182322459039484e-03
7.465400296806909419e-03
1.062655207115835269e-02
2.301167676555491287e-02
1.466748051030981447e-03
2.426848002222008541e-02
4.965303916108301102e-03
1.071652731686008157e-02
1.630682849646454373e-03
7.611399897309009677e-03
4.911937104370311773e-03
3.032761206870566496e-04
3.326434561624045522e-03
-1.541547036248489553e-03
7.441438465994077399e-03
3.731444733588835071e-03
4.036334559005063521e-03
1.725681164850187714e-03
-4.030497526319209642e-03
-4.901997847257929565e-03
2.080421762931085328e-03
