5.067699353465774173e-03
-5.825964156617465840e-03
4.260496395395901685e-03
-3.600915605502816828e-03
1.044439918026811298e-02
-4.010228976904344975e-03
2.647758562714278875e-03
-1.777411352252946004e-03
-3.505957967350832333e-03
-2.189820413413509029e-03
-4.792581827737480739e-03
4.398565944647713465e-03
5.857963744429059948e-03
-6.393538332028420642e-04
-5.953640710077752083e-04
-8.736731549373277089e-03
1.317853230966646756e-03
-5.328316562849124555e-03
5.230462589654527421e-03
-4.874476666789069254e-03
-3.854367228582883127e-03
