1.671042118647414823e-02
3.935914630309508139e-04
1.559775575526060193e-02
2.229126866100940990e-02
9.962811487214414882e-03
1.963899319948456037e-03
6.680597385543170230e-03
-1.221902463771751225e-03
4.708339075120370615e-03
-2.548229462847678706e-02
-2.477375371917033171e-03
5.001624202298540420e-03
4.077281595101791070e-03
3.654264447455038683e-03
1.405540334812850969e-02
-3.551109751487507415e-03
-9.209689430528271090e-03
-6.260755298302080746e-03
1.765691069962491914e-04
-3.747863329641227658e-03
-1.847506883384845587e-03
