2.763522932995786992e-03
2.224409872530534044e-03
-4.018634329660216754e-04
-2.943439211858222323e-03
9.382870074111445899e-03
1.188089375957926278e-03
7.685529377983820430e-03
1.439469923263010827e-03
1.755278202744686798e-03
7.846604236224822768e-03
1.080171264489978959e-02
-5.460054489548712107e-03
-3.268233317361662719e-03
-4.994876977545277888e-03
-2.724754225007266530e-03
8.458937934760563798e-03
1.116633962524366842e-02
1.209633388489871585e-02
5.390860832199228722e-03
-4.720844872799117783e-03
-2.085060699900572519e-03
