-7.423213088305895702e-04
-6.282526923432891867e-03
-2.764099122348650205e-03
-1.109774602351019934e-02
-1.668367522112610205e-02
-7.961347088570965361e-03
-1.048588205840231963e-02
2.318848086207133102e-03
-3.904367007888481268e-03
-9.829993071816225253e-03
-1.230306983953625977e-02
-6.733129057359706201e-04
3.179953605724043526e-03
-3.573704767105009318e-03
9.998970050969064292e-04
7.709941453094174913e-04
-1.496939368329450008e-02
-1.422983320436294052e-02
-1.249120406269559752e-02
-1.129699450531128184e-02
-1.568838074571555661e-03
