1.239700135348194179e-04
-1.113245976947352389e-02
-1.088052606746081792e-02
-8.699092397119769643e-03
-9.282312308496314460e-03
-1.920680045104638037e-02
-7.042547278522793934e-03
-4.305836258975441304e-03
-5.481012718685315636e-03
-4.387417728678262054e-03
-2.099205297810849066e-02
1.264200359171207795e-03
-8.763174534700494261e-04
-5.014219908284760219e-03
-2.177377403690014014e-03
-6.349471071536672180e-03
-1.565590597521995808e-02
-1.033930062401850272e-02
-8.972420038248425309e-03
-1.131080745506449561e-02
1.104042947819442941e-02
