-1.381155598803458090e-02
-6.084282908103473379e-03
-1.175642742424501397e-02
-9.561095394790260302e-04
-2.406838484285330707e-03
-9.954548848457377835e-03
8.648260235103604615e-03
3.177947673988160832e-04
-3.735639379831260862e-03
-2.718922752164080504e-03
3.487755240522432635e-03
-1.558323490200518198e-02
7.204881522136240063e-04
-9.082164103319479917e-03
-1.392393842410319382e-02
9.744872582353839051e-05
7.776996629163744103e-03
2.621709573063540910e-03
-7.566800768533174862e-03
-3.878480514454682969e-03
-2.309897034448267147e-03
