-1.155579207383842372e-02
3.041081263893263310e-03
1.581568717283971307e-04
2.267774637482067313e-03
-4.280090130489164028e-03
-6.589612332565068266e-03
5.998254218387986253e-03
-3.638755864244426052e-03
-7.869467413743126347e-03
6.645635239893889039e-03
8.514082977090170132e-03
-1.379694134119020463e-02
-1.248336174770869368e-02
1.894175143412221392e-04
4.912632262713665168e-03
4.113957794021140188e-03
1.886853740944830632e-02
-6.693455295435846858e-03
1.927183311711943214e-03
6.509852197858242810e-03
1.388395085298311333e-03
