-1.410126020727180129e-02
4.423618417220918225e-03
-1.558053510853791429e-02
3.305881627638830329e-03
5.435589812924616730e-03
1.298795247714817913e-02
2.357582311577782405e-02
-6.777476455385728418e-03
4.326854579948732037e-03
1.627755607010191591e-02
1.452777826805164846e-02
-2.546775143744014341e-02
-1.397640891892070782e-02
-8.373011839438200890e-03
-9.542340765212015130e-03
6.287938892504435669e-03
2.310684887512241825e-02
1.689501988300085716e-02
2.075184590939185489e-02
9.057538407979211573e-03
-1.139532262426430284e-02
