-1.791595797129895765e-02
-2.240432195278930713e-03
-8.871359409991145736e-03
-7.011996109499642367e-03
-3.285132374028239873e-03
-9.083788510134626140e-03
9.191749348886365037e-03
2.694965823744807296e-03
-3.672748371547822875e-03
9.959992110981173014e-04
-6.099703087277135762e-03
-1.362292053012080376e-03
-2.024249551863038007e-03
-1.699907559299797949e-02
-3.888952559841710090e-03
4.958434718004971729e-03
5.310600329310663330e-03
6.128066640130756283e-03
7.883636993609798027e-03
-3.993692972006200430e-03
4.157180924706765923e-03
