-6.290475012990744130e-03
9.536757811688034367e-03
-2.965513594657264752e-03
2.112349346272598179e-03
7.098443602538990344e-03
1.663832415182263033e-02
1.480948918427257323e-02
-1.699758015637995671e-03
5.517046326243764051e-03
3.021630468914170836e-02
1.431749550793144123e-02
-1.060455521426300132e-02
-9.970817653001850384e-03
3.384553803612011785e-03
-2.168618595855295855e-03
3.100191166416967851e-03
3.199228963564284406e-02
1.878291248077879755e-02
1.299313976588716869e-02
1.632739272316587401e-02
-5.497248504529754498e-03
