1.795968034260043977e-02
1.515500470598778182e-02
2.107749960339134684e-02
3.371959873870867402e-02
2.760707904649160882e-02
3.104633330384435133e-02
-4.627236827659622978e-03
9.295387568500772940e-03
1.251587308606285677e-02
2.626823813022203732e-02
2.298540196266040878e-02
-3.638493958477052089e-03
1.382344650254160347e-02
1.670689217865810663e-02
2.010726835877618343e-02
4.460628414392328947e-03
1.620016892988299095e-02
1.132231020136161177e-02
5.680314183928514889e-04
8.193521204521025600e-03
5.628387605704768780e-03
