-1.225386287631062381e-02
6.161766407628051050e-03
-1.396803977905213337e-02
-2.124507583005946082e-02
-3.330652593531145591e-03
-1.052500179613236400e-02
1.913111752458102402e-02
-2.478977033561772549e-03
-7.697294731078538343e-03
1.154269136090791889e-02
3.967235838089900810e-03
-2.239220833937118245e-03
-2.368693737475568648e-02
2.074215121291952089e-03
-7.805268758016664817e-03
5.286050633059764803e-03
6.501272497628314204e-03
1.573303585182033240e-02
1.468411455271461524e-02
9.155527962925884972e-03
3.544985988670602372e-04
