-2.669204435778069120e-03
9.570298301476458033e-03
-1.473316577312163041e-02
-7.425648887145078723e-03
3.373871494046343841e-03
-2.612014309219319488e-04
1.154825630940371078e-02
-3.788810430097570500e-03
4.642611391574119097e-03
6.936663551342822989e-03
8.184438481402232790e-03
-1.143363897062774255e-02
-9.493118390206717674e-03
-1.252353712181587678e-04
-6.117160968583117316e-03
8.804426324613210189e-03
1.041102473182810989e-02
1.143703839437529464e-02
8.606440985525052115e-03
4.891691360952623788e-03
-6.490788104019061533e-03
