-8.721396071438744860e-03
3.301261174137838910e-03
-8.313260207320396361e-03
-1.227219246614370818e-02
-8.762218237351725517e-03
-7.124008646957678652e-03
-1.493314881408871813e-03
-3.897632394752383392e-03
-5.945023952108841221e-03
8.674437711930030673e-03
2.835718448806996434e-03
-9.133589752560997144e-03
-4.238421549786643323e-03
-1.167742267228581363e-02
-1.271607102553606525e-02
-3.706716654415940365e-03
3.185638758807445448e-03
1.304304605579662208e-03
-5.626097706773482664e-04
6.440305380871390534e-04
-3.981032840909379256e-03
