-4.537554939000466858e-03
-2.409609938908013893e-04
5.545060034253323361e-03
-9.956438950383018557e-03
3.142090077336638556e-03
-6.194258180194750192e-04
1.437745072726441010e-02
-2.936761721308725828e-03
-2.854785309434349112e-03
1.308773132849513996e-03
5.875668411864864819e-03
-1.973144342001044438e-02
-2.316423679964043150e-02
-1.010073410406453140e-02
-1.005656248122675268e-02
-3.437607450489833013e-03
2.169846247337541088e-03
6.596671018075338233e-03
-1.896657115220641999e-03
4.582750265816354189e-03
-2.878541191180656570e-04
