7.553904627812634519e-03
-6.390123995509432858e-03
7.032292892002628762e-03
-4.799268185858921766e-03
-1.334724849628752923e-02
6.424198370424785351e-03
-1.320824354160329318e-02
3.455110022612605317e-03
-1.766190681284090071e-03
-2.834217466227614227e-03
-6.592664993260945530e-03
1.126239997534633601e-02
7.331404027294144508e-04
6.474806869360456504e-03
8.002854698321725316e-03
-3.307276501409465649e-04
1.458877921160186999e-04
-5.136463997992766518e-03
-7.142800205822935448e-03
-5.925911588510674941e-03
4.756592187631031830e-03
