6.208798854770553564e-03
-7.979573642948429094e-03
1.203849698077880982e-02
1.856485096171313701e-03
-4.484705092280667771e-03
1.381861084596222675e-03
-2.815660339012324067e-03
-2.250946448797247826e-03
6.048609473865098132e-03
4.447692029365650154e-03
4.402914702169467495e-03
3.753271838037214574e-03
4.295399823501105940e-03
2.225197016498305265e-03
9.585759047510080191e-03
6.243757912624771714e-03
-3.957191283052982947e-04
-7.820594464827818754e-03
-3.373190909614816064e-03
-2.651231918116581879e-03
9.430168184285816048e-04
