1.784400333436334321e-03
-9.283424621266411769e-04
-7.497867338218384796e-05
-6.261562001552236668e-04
-6.774362075056177337e-04
8.765008603362534111e-04
1.256726859279557948e-02
-3.824277443495257504e-03
-1.223218118538941992e-03
1.008792096244258245e-02
-7.964037790955862204e-04
1.109610179236067591e-02
1.269971928282460569e-02
1.974914547209541058e-03
-9.375993725795738344e-05
5.742470992849416566e-04
-2.334792984535067218e-03
4.740469963651505574e-03
-1.974470505697261714e-03
6.184915165635928615e-03
1.651020933282989957e-03
