-1.279140699825371576e-02
-7.336077645654147210e-04
3.859334156124309082e-03
2.828017067905506682e-03
7.055474724482532073e-03
-3.944108342630180293e-03
-1.313035414643563999e-02
-1.051107695820312302e-03
-6.963308513062363946e-03
6.263861531693446123e-03
1.004135548128193625e-02
1.087216600020507462e-02
-3.281995202574911064e-03
-4.535606768051995454e-04
3.008416532353929904e-03
4.130440318032503957e-03
3.103347694172814940e-03
1.005645400692736779e-02
6.723840464526530981e-03
6.203217877054748725e-03
-3.547757038741181177e-03
