-1.093148303478163816e-02
-4.762414926072430083e-03
-1.219815515906892342e-02
-2.223408642240876781e-02
-2.086292688534681708e-02
-1.984457645919542740e-02
-1.229484379154301984e-05
8.591933148100450689e-04
-2.752898532329818397e-03
-1.485392839526627519e-02
-4.318267387538638966e-03
-1.091997477830625347e-02
-1.092536155720658098e-02
-4.313374026458857702e-03
-1.238815637778518074e-02
4.070381567347954727e-03
-1.399019449811135865e-03
1.140286744539471646e-03
5.506763955832713782e-03
4.546849454419181263e-04
4.680601699307244002e-04
