1.869492135298508016e-03
-5.001232313307090761e-03
3.726250433223720748e-03
5.676933531545186665e-03
4.877802730461632680e-03
9.385177413710567296e-03
-1.455726787690760082e-02
7.490778098629627922e-03
-8.836123845383367023e-04
-7.894918683114756502e-03
-6.355505810786097123e-03
8.198120428350993277e-03
8.506943085207028382e-03
-1.637281148012888600e-03
1.138075070476834809e-02
-3.090813143765831685e-03
-1.747836690010664412e-02
-4.679484832540500329e-03
-1.273480140342072089e-02
-9.672245089676668323e-03
6.197406854506636378e-03
