1.030080132094641273e-03
-8.828266268328475302e-03
-6.550977645383480527e-03
-8.439975254568427704e-03
-1.741164712240985887e-02
-2.541761273299885521e-02
-2.269544088147397876e-03
-8.751621615256376671e-04
-6.138030928749424638e-03
-1.374425396532905335e-03
3.170398129918732943e-03
3.185724631442321195e-03
3.169961638013179400e-03
-9.042505847282724177e-03
-2.921577389407001291e-03
1.109866881875698269e-03
-8.574862716032099000e-03
-4.175760841492726777e-03
-9.525213162026779836e-04
-7.131545518584731999e-03
6.352982258991889640e-03
