3.619674627208975971e-03
4.949805618163473364e-03
6.825522316990815207e-03
6.649683490939279663e-03
3.190079741941481955e-03
2.901269091774614974e-03
-3.612456924231263571e-03
-4.500638995223081411e-03
-1.584533348260722997e-04
2.180504197629289445e-03
1.830624463197300057e-03
-7.545824001043739335e-03
1.840982895071476000e-02
1.570957303510914964e-03
1.877873145962342429e-03
-5.887802947491849225e-04
-4.996200926029462433e-03
9.353310824819828853e-03
-2.800146437278688838e-03
3.104278556140588254e-03
-4.002828284637289374e-03
