9.201003271409319631e-03
-2.897155796189440982e-03
7.589705454183048351e-03
8.053627560223475951e-03
1.895467633247668524e-02
1.005624174653997095e-02
5.186696525274800407e-03
5.885763561671552820e-04
-2.575569529481114544e-03
1.006809908500658213e-02
6.846684719873824196e-03
-4.869465182026967189e-03
1.665362421124926343e-02
1.144635465038770436e-02
1.235358121523177401e-02
5.431229739150070235e-03
1.760475453924454162e-02
7.836551859573376647e-03
7.456845779943810197e-03
5.053012468527594715e-04
-8.505246647894966136e-03
