5.045877604756682927e-03
-7.820632340188329867e-03
1.829042720294412998e-03
-1.390958708071221312e-03
2.838891817743384362e-03
6.544156194376728013e-04
-2.240897074730190466e-02
-2.875557570544081971e-03
-4.387268776969109434e-03
-1.412027741951951861e-02
-1.541663404197866731e-02
1.305975453305693867e-02
8.891988120712339405e-03
-3.664327059552291259e-03
1.414130105616956141e-03
-3.170750200163647767e-03
-1.559552340491135794e-03
-3.573863996120349874e-03
-5.756963668895983231e-03
-6.813644163014313197e-04
4.797370642949255921e-03
