1.223985349041688438e-02
-5.278217240046858237e-03
-1.110400375514893371e-03
2.667614635301036614e-03
5.779979070143110690e-06
4.543907420354829745e-03
-1.192335569819171111e-02
-6.327208471624221865e-06
-2.821861233972783691e-04
-1.789504301699578956e-02
-1.095254941835933568e-02
7.964134609838984316e-03
1.593835154936656603e-02
-8.131894470857316867e-04
2.367917329070059486e-04
1.969718295740217982e-03
-7.480836324782563947e-03
-7.884065716067926305e-03
-1.329094781784336855e-02
-4.849384001796400688e-03
3.857148545584920471e-03
