1.818635788830876140e-03
-5.309270365787534208e-04
7.508456149622462147e-03
1.126247825938478907e-02
5.546387251167002840e-03
-6.535630371982869592e-03
-3.585308310656909643e-03
-8.359228778547925579e-04
-1.171647230400164143e-04
4.758854926002274721e-03
-6.284514660908237585e-03
1.181520674298030746e-02
-5.581747740236058831e-03
2.614613495903029151e-03
1.194095918103511237e-03
5.049345676600354091e-03
3.110877572499705802e-03
-5.940528080447925706e-03
2.533943249345305126e-03
-2.392142185524264667e-03
-5.651790908712760707e-03
