-1.829294861893360560e-02
2.040767151543986207e-04
-1.692036644680229573e-02
-2.387675077339714708e-02
-1.632364921663349844e-02
-2.778866114662761205e-02
1.480965393073143885e-02
-5.342406856201537685e-03
-4.432925758234308451e-04
6.791749186441350776e-03
-2.054534227815800300e-03
-2.460999520162550705e-02
-1.520027585676379453e-02
-1.281351752937781585e-02
-1.491831158016526139e-02
2.914895486736768758e-03
1.555945922825635597e-02
5.398842192991182981e-03
3.096218382680553886e-03
5.846688466163285766e-04
-7.933668082122646847e-03
