-7.972556084857676875e-03
1.696887690974375812e-03
-1.569827486585655130e-02
-1.067809891237632078e-02
-1.091066094210519158e-02
-9.040692364892638153e-03
5.147342494811817451e-03
-1.260708217029562865e-03
2.123926622388127086e-03
-4.900572776220426217e-03
-7.517801556260998372e-03
-7.676676109568935855e-03
-9.675637983151448226e-03
-5.724978326765729417e-03
-1.099297320922615253e-03
4.038567813061751458e-03
4.685128989734181106e-03
-2.278314402824461321e-03
5.273737690140079329e-03
1.510246839844962049e-03
-4.503330231797747496e-04
