1.000000000000000000e+00
7.893339937459674660e-01
1.190704372357164094e-02
8.713234171912339621e-01
-3.944160420516399854e-03
6.497261035770863780e-01
9.048681704327940847e-03
6.270672608025616990e-01
8.891240120315906451e-03
6.580247310243719783e-01
2.846476220622936280e-03
6.353869159073156636e-01
7.635157432015888396e-03
6.332891937772147095e-01
-1.102059988286407596e-02
9.691839499202588026e-01
5.055259799966787572e-03
9.095467605751765827e-01
-3.742269313930450645e-04
6.324837822532001219e-01
-8.415261305768259939e-03
7.302506792431107119e-01
-8.891746955347961182e-03
5.622589392237499206e-01
1.515763020171855859e-02
6.309258676870185267e-01
1.318000052905730045e-02
8.773130524374477268e-01
8.998898164957108703e-03
7.889673443774850581e-01
6.360854732369048206e-03
9.674501566039954703e-01
8.967032684549663697e-04
6.496663550199021087e-01
-1.004844285313027247e-02
7.787842930226271942e-01
-6.377831405921021227e-03
7.925997860138830342e-01
-1.581993086743840871e-02
9.019937674437359387e-01
-9.075492527156375083e-03
9.665202827303452926e-01
1.299324572375501518e-03
1.735175804829957496e-04
