1.000000000000000000e+00
7.816728848967722243e-01
7.192377737463227436e-03
8.702435730057506147e-01
-2.521238265648466630e-03
6.519874316120022328e-01
4.948487583076720264e-03
6.345933200117594986e-01
5.110888751035048451e-03
6.524843066835895877e-01
1.236911020431713353e-02
6.396483795662121219e-01
6.432675580363530349e-03
6.318407144438211720e-01
3.277195425693692210e-03
9.701109717645863828e-01
5.709844467728620535e-04
9.011275571183087196e-01
-2.320921810282062462e-03
6.363794410036899274e-01
6.407347766209639008e-03
7.324952113617793081e-01
5.015242137911470055e-03
5.574347692815879718e-01
-2.714430654882296710e-03
6.249102064839642257e-01
1.040798195668741176e-02
8.658757581468919939e-01
9.911553882111238251e-03
7.822077804420968228e-01
9.663558936243056216e-03
9.631902203558149189e-01
5.231358808010786940e-03
6.540287959169571730e-01
1.151520606418730309e-02
7.864248858455590296e-01
6.162985561592790665e-03
7.814846171580996925e-01
5.827518282122041288e-03
9.068368471621797156e-01
4.582258285625763353e-04
9.588269165600291633e-01
-8.155256067221092892e-03
5.178409884218080944e-05
