1.000000000000000000e+00
7.916305832459736846e-01
-5.876443586041752310e-04
8.778486095066405648e-01
-5.515180085766254944e-03
6.525155653722152227e-01
-1.803622294937960290e-03
6.297823496111139008e-01
-6.989451508634903984e-03
6.618192898123667067e-01
-1.104260265646658801e-02
6.326113578747400989e-01
-5.036545003186296623e-03
6.336967066786400871e-01
-6.645112480433481954e-03
9.706524495684554221e-01
2.250799609281041360e-03
9.137700029736587348e-01
-3.567711581255916982e-03
6.323752299355277495e-01
-6.216444359455512887e-03
7.379169716946000213e-01
-9.079102130854761407e-03
5.540746956148727698e-01
-3.730656996757035580e-04
6.258441834514893998e-01
1.990162176035426000e-03
8.791512854034968516e-01
-3.141840514862488925e-03
7.916138772482970154e-01
7.915326088435963720e-04
9.710060036667866878e-01
7.486400922259286777e-04
6.590980892105418043e-01
-9.867035795139469587e-03
7.863462573590095372e-01
-1.119033139646868555e-02
7.935578695059799514e-01
-9.913008865102606801e-03
9.077826698270456962e-01
-1.025565211933327121e-02
9.772470145105477402e-01
-1.533143582443766877e-03
3.105653464532510217e-04
