1.000000000000000000e+00
7.817069897524125954e-01
9.568456861418481174e-03
8.733299181377347509e-01
-4.609667838041861185e-03
6.516796694022988223e-01
-7.236256470272448092e-04
6.295594883166547584e-01
1.679426088520671835e-03
6.412902934973202518e-01
3.706644474341721023e-06
6.230215499006707125e-01
2.830971727441840974e-03
6.350419293998529335e-01
-7.572189647910230678e-03
9.647877877750031805e-01
-6.104413464211052743e-06
9.056981159685230098e-01
-2.555754470971160217e-04
6.245472102621767441e-01
-1.117749235160624306e-02
7.287712838129809523e-01
-7.982222681252907140e-03
5.637078896646561255e-01
4.489540434337921729e-03
6.346071462657559836e-01
1.011544835341939876e-02
8.699610049103730924e-01
-7.074432645078920258e-04
7.856532031733255428e-01
1.860361869203882581e-04
9.625645141083263301e-01
1.895983386275995955e-03
6.484524259881815356e-01
-4.851056956654766113e-03
7.901905107618381052e-01
-6.230042998954274207e-03
7.861852700585414411e-01
-1.044976272115364334e-02
9.071003237497720084e-01
-4.398912280447701134e-03
9.678404393457509247e-01
3.733122856295621825e-03
-4.551752655005106334e-05
