1.000000000000000000e+00
7.931478289557023498e-01
6.876034303354879897e-03
8.725117913110228551e-01
2.084952831000025462e-03
6.511513901241816615e-01
9.527676572054085205e-03
6.294569909343356029e-01
7.908890578714963121e-03
6.510788130302784804e-01
8.113138141627593974e-03
6.314035759265748116e-01
1.174196493871468988e-02
6.323060992615255893e-01
-5.008950394887669300e-03
9.691943932930802141e-01
-4.619247662680264765e-03
9.073806221415456896e-01
9.197031849614442861e-04
6.246650215549702789e-01
4.787573042472409966e-03
7.309116381848506094e-01
2.463209774741321502e-03
5.528505246973038911e-01
-1.540833288237886166e-03
6.316497465302294279e-01
4.224222288589392534e-03
8.755299019183273579e-01
9.441308994907580835e-04
7.797181415036719132e-01
8.645725498622894648e-04
9.618967904487554232e-01
3.144737632191543786e-03
6.528987938642475397e-01
-6.934612710109366862e-03
7.879260987241104575e-01
-4.743369735140862999e-03
7.874879393831512031e-01
-4.203739119390336766e-03
9.039230435578013978e-01
-5.895855991626447652e-05
9.698901134773031396e-01
-3.720955949702238474e-03
6.329405893267070851e-05
