1.000000000000000000e+00
7.832223090462011594e-01
1.424397692210655972e-03
8.729720851947404547e-01
-4.634845257579690175e-04
6.551703496070002686e-01
4.919410287960943214e-03
6.305210116725569192e-01
7.101529449339257297e-03
6.582782471964911952e-01
3.651103516964281873e-03
6.251632182956899930e-01
-4.085893892695216523e-03
6.267073449629984028e-01
-2.246948680006245237e-03
9.719194055935234111e-01
-8.124498558043980780e-04
9.007799412043648868e-01
-1.055396328141459944e-04
6.204418331977950007e-01
2.952614963240159617e-03
7.255782355509534653e-01
-4.559967091269994006e-03
5.528021135639133998e-01
6.531775205878814078e-03
6.272087944755065925e-01
-3.500957629799777721e-03
8.694977931637853930e-01
2.273405845154803390e-03
7.898603980824228099e-01
9.431695254993693834e-04
9.737613920293114456e-01
4.916899661868433941e-03
6.480679187863469526e-01
2.016066457547415706e-03
7.905994085075669364e-01
-4.696633234619529938e-03
7.843936269448124055e-01
1.987613189895676060e-03
8.979697025546997668e-01
-2.148075304147447837e-03
9.675588759230904223e-01
-5.468498684988550712e-03
2.999642119518321735e-04
