1.000000000000000000e+00
7.838553835729678010e-01
-1.105408142327404114e-02
8.696077675318574229e-01
3.846838028399990252e-03
6.483866486602868351e-01
-1.010302847032960513e-02
6.279759838429678220e-01
2.076021830436432236e-03
6.576626113430109610e-01
3.574819397398444794e-03
6.240999531919284582e-01
8.106236343492096916e-03
6.328139094673049803e-01
1.492187351969170850e-02
9.669619113652895281e-01
-6.553661933551475395e-03
9.058532294553747199e-01
3.919519654646103600e-03
6.240730169965524876e-01
1.015928080557274536e-02
7.308096745805160444e-01
1.061778790278616880e-02
5.590021685061939971e-01
-1.423960704688247841e-02
6.237609813748156151e-01
-8.718506241776002863e-03
8.779040941438007728e-01
-7.350873158316930701e-03
7.881378352121463093e-01
-7.520908070208359719e-03
9.643056311651490020e-01
6.063574796903213951e-03
6.546036142887555753e-01
1.512851938994994733e-02
7.904963625471088662e-01
1.335672264204934047e-02
7.873923249865257823e-01
1.634219012777225755e-02
9.053261037095716723e-01
8.200250204103089538e-03
9.713297432816955235e-01
-1.106909492317447417e-02
2.940268054012019146e-04
