1.000000000000000000e+00
7.885437655570670668e-01
-8.620296165539017771e-03
8.796330614757008615e-01
-4.189209292740962709e-03
6.621749209721798923e-01
-8.077713073513874062e-03
6.337087867982683642e-01
-1.409225819973245961e-02
6.534343147064004542e-01
-1.363453058590425454e-02
6.405279600939088880e-01
-1.271267490318184722e-02
6.289841972511562851e-01
-7.733262452941710787e-06
9.663233999606910540e-01
8.302588094934068271e-04
8.991474649533597319e-01
-2.475267989519843413e-03
6.368319141568287156e-01
-9.460151422985445258e-03
7.318600060190566525e-01
-3.160386840627876608e-03
5.598238504877837141e-01
-6.113505332930975304e-03
6.276194132204725440e-01
-6.857241846779854599e-03
8.700399190791220372e-01
-3.752830863017737970e-03
7.897594617101045822e-01
-9.784164231168429593e-03
9.690150700608508583e-01
3.944282862649649106e-03
6.567179842601180706e-01
-9.187618324379391447e-04
7.894639074325385808e-01
9.002156191073052436e-04
7.859904978157111755e-01
4.328307894271399975e-03
9.075370442730861242e-01
4.126434598982443511e-04
9.675404432278149613e-01
4.528671773434890958e-04
3.368976258479064955e-04
