1.000000000000000000e+00
7.864595471127018289e-01
4.883031881228182790e-03
8.783512702433666774e-01
-7.009017409028902960e-03
6.566548677679426849e-01
7.905519550280832794e-03
6.331090368826604031e-01
1.175358841530221420e-03
6.624387264885550630e-01
-2.970862247268488566e-03
6.265997256909628943e-01
8.658743276916508165e-04
6.238534078700535002e-01
-1.756563939879523650e-03
9.721127689124339222e-01
-2.188177480671800023e-03
9.103956475177016339e-01
5.506694894091033327e-03
6.315899798651375407e-01
2.809136242708850685e-03
7.308752209435296354e-01
3.218002050132760111e-03
5.630798318353285037e-01
2.113401599267896152e-03
6.250331383182941014e-01
2.684783743866425536e-03
8.793050183841699674e-01
1.956630132920692249e-03
7.900135348091480436e-01
7.573111346636419647e-03
9.758656361965253323e-01
6.093147967334900696e-03
6.543416828338484148e-01
-2.589355338607175283e-04
7.896479588253924042e-01
-6.175642360723048070e-03
7.863533448058659392e-01
-2.652530014982778205e-03
9.058161308683215784e-01
-2.401534264924942968e-03
9.706025671472765515e-01
9.152948161478655260e-04
2.679865071821721338e-04
