1.000000000000000000e+00
7.854880542761806250e-01
-6.850726126628739303e-03
8.708784552009872781e-01
2.875007675812082247e-03
6.510110119328766931e-01
-5.412148618999784895e-03
6.234211759997836388e-01
-7.651128766967461858e-03
6.540367126144237542e-01
-5.730959079518017918e-03
6.335498818685577627e-01
-4.513491192450517012e-03
6.372279864274856820e-01
-9.515827423222690540e-04
9.673136477223708285e-01
-3.770252101244523160e-03
9.024368321182580921e-01
-5.365071788821959911e-03
6.333270268874198194e-01
5.493893644309628781e-03
7.337102872261263009e-01
2.080601374482264274e-03
5.523070464467323415e-01
-5.044686260522178965e-03
6.202002961497942168e-01
-2.628686041166558313e-03
8.751127455470748551e-01
-1.021952593889484742e-02
7.908039836078134543e-01
-1.005646166680634196e-02
9.634602241669180112e-01
-3.571290415012348674e-03
6.590453547960549718e-01
2.099487528127561356e-03
7.850473221050204842e-01
1.023941418466256872e-03
7.913051748958735976e-01
-4.451960699565682324e-04
9.075920371690054944e-01
5.845170688759803324e-04
9.639966263939309110e-01
-3.837722502426551326e-03
4.165472579062318745e-04
