1.000000000000000000e+00
7.832821478222482536e-01
8.068436636673477621e-04
8.685104494606056269e-01
-7.667640706621902356e-03
6.567008535348904941e-01
-4.302094153286094985e-03
6.260065199919835344e-01
-5.283604994525871283e-03
6.579005210239922130e-01
-1.145628945418896913e-02
6.289515448417422050e-01
-1.598989039267175588e-02
6.297903860351666827e-01
-1.429339501494126348e-03
9.661796154523307756e-01
-8.455640565562687122e-04
8.991419301134528919e-01
-5.519030287147376479e-03
6.286666033892359673e-01
-8.640558897305157917e-04
7.258521892112830276e-01
2.301248133551841556e-03
5.652132914051553048e-01
1.800619995854380777e-03
6.347957027113045880e-01
2.012284765827959242e-03
8.728085361748791904e-01
-7.892591410701367896e-03
7.890395577500695090e-01
-2.305246690173015905e-03
9.671763368191405030e-01
1.073437425924471476e-03
6.595304611115947457e-01
-5.655521775331236005e-03
7.891695562883719317e-01
-3.295402484423645521e-03
7.908735975354654890e-01
-7.533241879039985532e-04
9.059959753891050349e-01
-6.461261076146368985e-03
9.679703166286577343e-01
6.149580982144339791e-03
1.140124090832262633e-05
