1.000000000000000000e+00
7.915535886312184966e-01
9.283564936170577916e-03
8.675591657095013121e-01
1.166961210997673713e-02
6.529408559361469244e-01
8.290628764617004667e-03
6.201586083365397961e-01
9.796202829082964122e-03
6.515513448188871015e-01
1.600981700878462491e-02
6.350628711826249440e-01
2.286574167552672329e-02
6.266286865708819986e-01
-5.653654113058161935e-03
9.664690196126415334e-01
3.470585230013921094e-03
9.076878452520379392e-01
9.391780691113066695e-03
6.298071522489679941e-01
8.237126289097937426e-03
7.277156093361895062e-01
3.804808797990176343e-03
5.568525558952939214e-01
4.326981123737493919e-03
6.265581137556677227e-01
1.698721842024013273e-03
8.770954872019203208e-01
5.849931790058764992e-03
7.862055317250625786e-01
8.577255127115046562e-03
9.613585127686982146e-01
9.654602323113050180e-03
6.562645016624696348e-01
1.087262763246687721e-03
7.902366404212377571e-01
1.091568309969885575e-02
7.859444272821107802e-01
1.912125673153937085e-03
9.046357623644990520e-01
3.023570903549168808e-03
9.687243394769895488e-01
1.487382390325328466e-03
1.275056072204443702e-04
