1.000000000000000000e+00
7.877672430506734713e-01
9.765951628357488691e-05
8.725393523173690102e-01
-9.713910527291706037e-03
6.568027136765114404e-01
-7.146641069948752104e-03
6.374314525481753479e-01
-5.545214979837433979e-03
6.533331218507520965e-01
-6.064616257955046316e-03
6.342034378009669959e-01
-1.218251696036268955e-02
6.349110403825096727e-01
-4.471464944247062132e-03
9.659003823210938755e-01
-4.159034591935115328e-03
9.063104704010384038e-01
-4.967548959653445700e-03
6.265376635028313546e-01
-2.748900090816868216e-03
7.314333042212249891e-01
-1.535654244195452413e-02
5.568210685958708828e-01
7.039337699226173167e-04
6.267542868692376201e-01
-5.492358612126766078e-04
8.717629970264645367e-01
-4.371248009614688707e-03
7.872947782095705005e-01
-1.714240569173234273e-03
9.651653022646530244e-01
-6.128371522900306900e-03
6.509945858801426954e-01
-1.019274281272739002e-02
7.890577681484972628e-01
-8.158596197747345138e-03
7.902266243384231670e-01
-7.090435470224510338e-03
9.027015776208527909e-01
-1.021071917152503901e-02
9.667625187689847799e-01
1.067390709885372019e-02
2.556224121833836700e-04
