1.000000000000000000e+00
7.814052571331072672e-01
-1.079310876146136709e-02
8.738909921608425391e-01
-5.317065637240502712e-03
6.573755091087801761e-01
-7.728743539047177279e-03
6.318221249465376665e-01
-6.040913449910901255e-04
6.553674975001301251e-01
-1.577366760161904311e-03
6.306080881819122741e-01
-6.277626375775344561e-03
6.328594904211765071e-01
5.473270019107258876e-03
9.613374434230989030e-01
3.055080195091924552e-04
9.035691639578080636e-01
-3.375424252646859729e-03
6.243909029636882657e-01
-1.697674815691163196e-03
7.259981666597821182e-01
2.532114177633134136e-03
5.622798477230847025e-01
-8.762848274424910044e-03
6.257344461644264166e-01
4.508343329032705972e-04
8.743823309259948218e-01
-7.941502173181604063e-03
7.912991190716230916e-01
-1.101871230638496769e-02
9.681481099487738717e-01
9.434480002161570319e-05
6.523204270959112039e-01
5.073196041539342581e-03
7.877097616476320674e-01
2.065150954418767081e-03
7.849338311427386250e-01
-5.939551276425423729e-03
9.049443935942717010e-01
-3.509826796224550013e-03
9.654192928191454026e-01
-2.230023127672035085e-03
3.735539201599043734e-04
