1.000000000000000000e+00
7.848001722446955597e-01
-9.069391311311269729e-03
8.798353531912780356e-01
2.675659056227283183e-03
6.492783692114847405e-01
1.026878366116010287e-04
6.267336653415805925e-01
1.421293147194967058e-03
6.513990742438583448e-01
-2.788063773707872856e-03
6.324454737824055650e-01
-4.167630817550861504e-03
6.277127925600988201e-01
3.765226062441553220e-03
9.706270590914974905e-01
-3.531890491328033583e-03
9.103647877633461727e-01
-7.164233922661729023e-03
6.274620513126456522e-01
4.169945307885182181e-03
7.243146664020926329e-01
6.167024187048159196e-03
5.622142062089277026e-01
-7.757328647453052076e-03
6.307122504948693420e-01
-7.873818189590601341e-03
8.768027156495864505e-01
1.660817929522606542e-04
7.893773929612623030e-01
3.877952044942842898e-03
9.676273656110595534e-01
3.980800600373044298e-03
6.495362371952413394e-01
1.225725344092221288e-02
7.856056602484781104e-01
-5.258494897914524693e-03
7.920413875482298360e-01
1.526410833983271728e-03
9.027919070403370716e-01
5.877124901100159830e-03
9.648870318594828799e-01
1.339645273686904505e-03
1.458814376568755245e-04
