1.000000000000000000e+00
7.807109234169679057e-01
-9.986935863142028941e-03
8.659581731025524087e-01
-6.352737535408688099e-04
6.483006250235413548e-01
2.502021167687266956e-03
6.239383578147515985e-01
1.764513029227395566e-03
6.501488940395117044e-01
4.587185205569177700e-03
6.252160754973550283e-01
-2.465932726004329677e-03
6.374998872157621177e-01
-8.371080368370616490e-03
9.634245780650384505e-01
-1.012663361286032142e-03
8.965027522100219581e-01
-6.242726145179645740e-03
6.213838691030995065e-01
3.892313420442460037e-03
7.317298094686921495e-01
7.347806091658241889e-03
5.569814211493027134e-01
6.055833079530397074e-03
6.239400152701598534e-01
-2.047775489349242927e-03
8.714905530701184677e-01
-3.952738721847105980e-04
7.881468557314733614e-01
2.371081183921750369e-03
9.628397503216105102e-01
3.976974741000317837e-03
6.523299425533927165e-01
2.024413121950765105e-03
7.794089038400877634e-01
7.838354032677189581e-03
7.842966012047054569e-01
5.273564696284108178e-03
8.991934420064913169e-01
5.577964381094831399e-03
9.679718883278649599e-01
-3.434143488171453960e-03
1.001837881549068169e-04
