1.000000000000000000e+00
7.853173871175971321e-01
-3.563445245037537290e-03
8.724862581588926913e-01
-2.102351599909384617e-04
6.546462740907692535e-01
3.630090096739107923e-03
6.341102100372872918e-01
-6.313688222157947880e-03
6.564314042401985239e-01
2.062573389463181594e-03
6.270279131383295068e-01
-3.883973276912644924e-04
6.280171945610663053e-01
9.029908473323633444e-03
9.679737149604659141e-01
-2.842716325735017858e-03
9.024628778263625861e-01
-2.576344764829817478e-03
6.254542412694567011e-01
8.185781741776312296e-04
7.299546057974076740e-01
4.289020576797044314e-03
5.611371147676043059e-01
-1.107348234731471426e-02
6.336721746004116973e-01
-1.468115828082946356e-02
8.773399082752272315e-01
-8.862078518438811642e-03
7.786598051650279739e-01
-7.830904975461674619e-03
9.621675940504136326e-01
-3.307567518606146714e-03
6.562294382019532302e-01
1.423919218589992514e-03
7.878445238031468456e-01
5.197226524762147033e-03
7.907635471374362401e-01
-1.499809106560968767e-03
9.087489120461006431e-01
4.164598472690836384e-03
9.642083762154542992e-01
-2.775513604477281016e-04
4.293619146747138567e-04
