1.000000000000000000e+00
7.842990349653087279e-01
8.086508688500712236e-03
8.732641972735336600e-01
-6.142208661982751297e-03
6.542910951426859079e-01
1.106255744658633799e-02
6.299690652123420831e-01
-4.959671709408113548e-04
6.539847706643585612e-01
-7.619470823922563571e-03
6.278963860257703589e-01
2.976286325405327546e-03
6.289456896909194628e-01
-1.002044963019008486e-02
9.712265547668550436e-01
1.777675588189113779e-03
9.017835883235608696e-01
-1.075763600987232615e-03
6.339305887801361949e-01
-1.610160813301144550e-02
7.404997505866037777e-01
-1.252181614902707525e-02
5.623323985708768014e-01
1.554599862547725170e-02
6.302002948414274774e-01
6.133574841908002659e-03
8.816576959313899842e-01
-1.179828837005665902e-03
7.878464769579260896e-01
6.660605582549475670e-03
9.678237411618447750e-01
-5.739745648049404377e-04
6.483257563315627525e-01
-1.278784596713611159e-02
7.989098989112252136e-01
-1.507177240907258894e-02
7.896468820885276241e-01
-1.184145937823770194e-02
9.060222097319670098e-01
-7.042375117585042421e-03
9.742325019235364980e-01
4.474194283109697058e-03
3.241172529428409488e-04
