1.000000000000000000e+00
7.880085358756891978e-01
5.952654548754428114e-03
8.725532147419075013e-01
-5.575799128562240921e-03
6.508982874773400207e-01
4.577382856015817757e-03
6.317160234555080356e-01
-3.031797891011535091e-03
6.573615726909483037e-01
-8.774489324428568979e-03
6.278185883836454595e-01
4.033286637585647982e-03
6.305084206964750582e-01
-8.328393098651491397e-03
9.707093093134231410e-01
3.353920809791600781e-03
9.020012401573619387e-01
-1.593107841402180858e-03
6.352833656781315952e-01
-1.800536032119871800e-03
7.308916395065450100e-01
-4.818593536393312934e-03
5.589697350072246884e-01
6.295606913745226650e-03
6.264105748339895419e-01
4.592469833887208915e-04
8.705295620273176826e-01
5.636589556230265849e-03
7.863943341448700330e-01
6.293533950212648609e-03
9.689993755405863496e-01
-3.204748981451807947e-04
6.561599077274569147e-01
9.572572089252732270e-05
7.954383022833161343e-01
-4.085776134400565494e-03
7.865657932404306329e-01
-5.618377859296589533e-03
9.047826086190038364e-01
-5.361724507183018677e-03
9.736386891165209612e-01
4.631237109787444614e-03
4.593458821795217079e-04
