1.000000000000000000e+00
7.752043268238821838e-01
3.928536096240576973e-03
8.730348774506109244e-01
-5.086327450103015485e-03
6.561029943782791252e-01
2.795341356097512820e-03
6.207652784200933249e-01
-2.235333039976963952e-03
6.485876132989426557e-01
6.774354266345530493e-03
6.226268046685816682e-01
-2.496889438832748317e-03
6.309377916410071618e-01
1.670574844284154498e-03
9.623320883350554578e-01
-1.710461779669610700e-03
8.988143765272956776e-01
-3.151218335886078834e-03
6.296853286637004166e-01
-1.378899990821357956e-03
7.282548056328490560e-01
-3.490247469791969790e-03
5.636437345273028754e-01
2.479240124562032306e-03
6.293640631672842156e-01
3.686834036322116266e-03
8.705892567599468057e-01
-5.566146542977614591e-04
7.779105016228765601e-01
-4.631400178471839772e-04
9.696655286110925642e-01
-8.471922972563645723e-03
6.499126532409484902e-01
8.564899857524029816e-04
7.796582532413487421e-01
-4.154305299083890964e-03
7.861160446943705749e-01
4.111788059377528837e-03
9.030596089063620546e-01
-4.401977856820658321e-03
9.671671553286371736e-01
-3.727835848504167191e-03
1.717060027701537749e-04
