1.000000000000000000e+00
7.843578979450256394e-01
-1.405402686065963455e-02
8.693744006091872478e-01
-1.947777655857531624e-03
6.512044644559673578e-01
-5.777220412083672318e-03
6.286446380419835611e-01
-4.408126002822871335e-03
6.530770429274803668e-01
-2.145452254435894612e-03
6.338817454500024207e-01
-5.758206096842933934e-03
6.320773122350563655e-01
5.810059851378948474e-03
9.639912418972678143e-01
2.597929740755526486e-03
9.051529785817478135e-01
-3.324414075864357693e-03
6.357605111610138415e-01
6.332171769505780430e-04
7.300248250135537020e-01
-4.452989905602629424e-03
5.593797215830772496e-01
-7.620390207362013300e-04
6.323051814097301326e-01
-1.279945228338456214e-03
8.795532750696265500e-01
-1.495303295758078875e-02
7.825457808424970407e-01
-3.043298759851029156e-03
9.622373010302317509e-01
4.771229942390627435e-03
6.584814472725500911e-01
3.496964665146224099e-03
7.822047158331693062e-01
4.793462628288540188e-03
7.903215464019670566e-01
6.230737264301022989e-03
8.992159590140067493e-01
-3.591211548626574695e-03
9.657623331238860409e-01
4.014871877633244442e-03
3.074323005833852832e-04
