1.000000000000000000e+00
7.903811564294810355e-01
1.477613077253106273e-03
8.739961805056795097e-01
-4.371094383456684655e-03
6.624552197432538314e-01
2.468485474496310162e-03
6.330649057862307583e-01
3.593905999009525815e-03
6.517415255263835361e-01
3.179091806141989742e-03
6.321268994674311692e-01
5.932797290507283230e-03
6.273064345017026477e-01
-9.132512919656875575e-03
9.697604973783297000e-01
7.264396567869873741e-03
9.064375769916307446e-01
-8.009396772908543381e-04
6.313985840692101226e-01
-4.984944048381079358e-03
7.370378059271399662e-01
-4.684311128782915785e-03
5.612711591171667402e-01
4.601471642907673486e-03
6.249514074735634805e-01
5.316554304626621916e-03
8.716360214251163141e-01
-1.427114501025509219e-03
7.846834863769520663e-01
8.930672715269425896e-03
9.694094367201727680e-01
-2.996272969969045099e-03
6.534426511275499561e-01
-1.142227357099359977e-02
7.875673259538293891e-01
-3.685436257154363609e-03
7.855767989553101849e-01
-1.000470536593208414e-02
9.043515399735466698e-01
-8.747382522876405095e-03
9.712453680738125650e-01
6.019279764240670523e-03
3.026291423814713106e-04
