1.000000000000000000e+00
7.900599681966029575e-01
1.409784766976334086e-03
8.749477777080458818e-01
-8.122514075278292446e-04
6.566229574093691568e-01
-4.923271835109955749e-05
6.275920055744781401e-01
-3.929706768158581598e-04
6.572258961701894497e-01
-4.452286866841050181e-04
6.301211364277343741e-01
5.523018596309672628e-04
6.355083441075113360e-01
7.987024537996986057e-03
9.604792530323340571e-01
-3.673157049094749344e-03
9.068273099841472895e-01
-1.109248149200754360e-03
6.332629528097168947e-01
6.388523329664125977e-03
7.344962601008830916e-01
-5.849557209470626412e-04
5.583363948010483524e-01
6.195611748261988135e-03
6.214818683560943136e-01
7.893069611023361201e-03
8.775222961515994902e-01
1.733033801281104761e-03
7.874794324109616328e-01
-7.383402239114012834e-05
9.638956435160904723e-01
5.535143381447548859e-04
6.545991470576849602e-01
-1.528356273388861274e-03
7.785866920439149519e-01
3.690894475102850410e-03
7.841584396770290288e-01
-1.548299722969324974e-03
8.971951604086910725e-01
5.549146711821864066e-03
9.674726401514547325e-01
1.597319032630285665e-03
1.965105397429997255e-04
