1.000000000000000000e+00
7.895737362883954447e-01
-6.295054270934899963e-03
8.739307356236943880e-01
1.482963731406650859e-03
6.560274366103246990e-01
-1.029934507591583753e-02
6.373690145176521549e-01
-6.806148065745997768e-03
6.525422542991586861e-01
-7.119949814891919117e-03
6.311426862991015296e-01
-5.706122327655271942e-03
6.345201758559571026e-01
3.266121510492972849e-03
9.636172011771753088e-01
-1.214840767211811242e-03
9.046494253542612940e-01
1.921411887643094049e-03
6.314697771112446345e-01
-3.094588371569801950e-03
7.384939078465269091e-01
-5.551955244006485934e-03
5.662020525805085969e-01
-4.346635154937179141e-03
6.343238812621407874e-01
-6.137679772729810745e-03
8.690861122999293809e-01
-4.975553515676115271e-03
7.955175107470147111e-01
-8.745106205800435174e-04
9.675286690184472516e-01
3.907451384485219857e-03
6.546948384593364034e-01
3.067352210365074938e-03
7.845846519644646966e-01
-1.787533605666798836e-03
7.870087157263159217e-01
4.150516005144148923e-03
9.078430486447905956e-01
1.371068137689374902e-03
9.664851774521849848e-01
-4.352402212426984647e-04
4.279292585772268660e-04
