1.000000000000000000e+00
7.898041093588801242e-01
2.858846380700038291e-03
8.782339318952544494e-01
4.347122752551547259e-03
6.546471953225141416e-01
4.468378432217849465e-03
6.320664310441819200e-01
4.203103663227002532e-03
6.550846263728516972e-01
2.089779284809540477e-03
6.324596506526347639e-01
1.834940784689769941e-03
6.349885906742213093e-01
-2.293878909452384991e-03
9.673770941089989694e-01
-4.353844469669266963e-03
9.037661858111076807e-01
-1.432047672433123329e-04
6.206202265984634980e-01
1.353267153979622250e-03
7.271521134366095707e-01
1.331143934293280238e-03
5.638662224972872394e-01
-4.254916032944667907e-03
6.254765927286867200e-01
1.151621814667731260e-02
8.773294680083947306e-01
1.378248269149434397e-03
7.866755943909797821e-01
1.477278709786792764e-03
9.646939499968787413e-01
-5.679928538558100780e-04
6.482431751919239815e-01
-3.238780101066222796e-03
7.857733931766287538e-01
7.349797116425331976e-03
7.923720512633087854e-01
-2.218763575322516089e-03
9.092032485896103244e-01
2.822429213931621980e-03
9.711086282188705621e-01
-3.887201845583165838e-03
6.227203061726749962e-04
