1.000000000000000000e+00
7.866217267258857060e-01
1.314600401286227654e-02
8.737084509045891512e-01
3.438842052115631586e-04
6.522438439163535939e-01
1.017436529072089819e-02
6.305263354621591931e-01
1.405756042244175885e-02
6.523218806466071218e-01
6.499174958153925048e-03
6.307715146688188668e-01
1.238773341309883005e-03
6.277660465864473016e-01
4.193914601746615185e-03
9.697228161859585693e-01
-1.184907287980245571e-03
9.057681726612429873e-01
4.264695194291671931e-03
6.265787493687803300e-01
-1.597012116757182132e-02
7.359717833774802598e-01
-1.823282100630427456e-03
5.538294087910690111e-01
2.770069673906189536e-03
6.275427705283553870e-01
2.558682767136347559e-03
8.750478167979161004e-01
3.197670360282611583e-03
7.875243502943406471e-01
1.106970135539486408e-02
9.691668527520834742e-01
-3.441632328402906022e-03
6.506097973297627624e-01
-5.992083587763747873e-03
7.867275312183840130e-01
-4.925572915551072045e-03
7.974239846697183109e-01
1.408004423337515568e-04
9.023346067660886760e-01
-3.381842618107400254e-03
9.683285493487122642e-01
-1.788995695749018332e-03
1.927214212690544441e-04
