1.000000000000000000e+00
7.841301353144431996e-01
3.956658269056495883e-03
8.690047663478699391e-01
-6.796305339242748357e-03
6.464637988953511050e-01
1.182411223848801873e-03
6.348483608599883032e-01
-8.830484253404093705e-04
6.475104757321742399e-01
1.838217129713757810e-03
6.216996492257080842e-01
4.068500191313969834e-04
6.271076266392768828e-01
-1.405518920003327558e-02
9.659144588182032587e-01
-2.777550290255192001e-03
9.062699953186293955e-01
-3.976075564667668448e-03
6.223752802801788553e-01
-8.788695727635367771e-03
7.291446961120690018e-01
-1.124184758412246667e-02
5.540107550815251969e-01
7.235655839087934242e-03
6.265768215722999912e-01
5.571660500576409297e-03
8.688625596684836916e-01
-3.183810838424629662e-03
7.830873711340428089e-01
1.107388165020832668e-03
9.663438000149379148e-01
-3.064045065617015777e-03
6.481596389239324685e-01
-1.010839701418462079e-03
7.905396171686666085e-01
-2.825293104005133053e-03
7.889186998378450166e-01
-4.541826468815757592e-03
9.076928616019810381e-01
-6.184697125361401883e-04
9.651992977121096606e-01
4.630454298433123693e-03
5.335748271882013831e-04
