1.000000000000000000e+00
7.881176776935105988e-01
-2.103652197147171110e-03
8.754077095377261752e-01
8.378168704443090739e-03
6.463314099149216618e-01
-9.523196871258946331e-03
6.219736511288205261e-01
-4.618642841708211003e-03
6.527187173040412960e-01
2.202197429826557081e-03
6.357910266214037431e-01
-1.660695296975984450e-04
6.270325652264457927e-01
7.241454692607082397e-03
9.670658206286145697e-01
-3.664046600371496237e-03
9.083494825149525109e-01
4.217143953647338635e-03
6.364774122457944605e-01
4.415100481245493903e-03
7.302085623554823712e-01
5.976480502702612337e-03
5.651132496716768649e-01
-6.461582446850471124e-03
6.306272461902497906e-01
-5.986798951291704037e-03
8.762222156904498904e-01
-1.097340150252767754e-04
7.911762887063610306e-01
-4.839813080744194418e-03
9.637187948236287660e-01
8.485210379764098615e-03
6.538611070835959049e-01
6.807610116478726367e-03
7.859926054962989017e-01
8.989819583830166091e-03
7.882961953595880589e-01
6.784592198753819706e-03
9.046615361366624475e-01
4.425360318586575234e-03
9.660800451121807075e-01
-6.270708926937598564e-03
2.306144699594578763e-04
