1.000000000000000000e+00
7.901644042400383094e-01
-1.445604936866930548e-02
8.773652647848292352e-01
1.790498237135047127e-04
6.527376752744117328e-01
-1.104561479481979899e-02
6.278169643606495987e-01
-1.499307847846303651e-02
6.522061901852809207e-01
-1.064733078362959176e-02
6.233596204447003908e-01
-1.732678946621172764e-02
6.308352215732543344e-01
9.343134392433314478e-03
9.691360271152377193e-01
-5.177568214140996182e-03
9.088537229190715161e-01
-4.028881342697987391e-04
6.362884430211704911e-01
4.321577963812203715e-03
7.362933857974929275e-01
-1.512742091319972497e-03
5.520499727627397046e-01
-1.358869063012446872e-02
6.379075257542260458e-01
-9.697117208500822400e-03
8.766543776036518354e-01
-1.123364104442272152e-02
7.857106972531411326e-01
-1.172234663266635141e-02
9.734838192749554198e-01
2.837611627918893396e-03
6.514202617337998547e-01
1.013656502599883345e-02
7.946323524951623973e-01
4.290136354893267501e-03
7.909498098698901636e-01
2.448961166812985667e-03
9.063893798840381155e-01
5.299376937063116511e-04
9.732652949873852322e-01
-7.721725816717980168e-03
-3.589098992392758991e-05
