1.000000000000000000e+00
7.878588726408601861e-01
4.682444054786456637e-03
8.722829575315058648e-01
6.512062427696802339e-03
6.586725512444536745e-01
6.999681642062880946e-03
6.204815273792804176e-01
1.428084118191554758e-02
6.528316553882177464e-01
9.575402448601153622e-04
6.297755979601156184e-01
1.528669771544220388e-02
6.302668655873718828e-01
3.129492254357366544e-03
9.724310721483557796e-01
1.042148309961741376e-02
9.070663547374362423e-01
1.479138859234370136e-03
6.326368331508332998e-01
4.815344917018515858e-03
7.348546546773037091e-01
3.609588874344041558e-03
5.605211586613302321e-01
1.699926877735945545e-04
6.252318347830387868e-01
2.079800455368621421e-03
8.708197743563494964e-01
-1.342410705619396507e-03
7.873452188970833099e-01
5.859089147349630378e-03
9.711730907640446775e-01
3.623895534270647929e-03
6.536698319288726244e-01
2.638444461318563850e-03
7.877911008630145151e-01
1.359477614093167804e-03
7.913756272342464815e-01
-3.189654779860921167e-03
9.105869771636907473e-01
-4.463731155720736081e-03
9.687331842030609819e-01
2.015376506510855540e-03
4.085929164329955648e-04
