1.000000000000000000e+00
7.870771870288881811e-01
2.175111393546314865e-03
8.766786089814090355e-01
1.950095769213130905e-03
6.500437816657774759e-01
-2.612288397407403363e-04
6.301118344586388309e-01
-1.854701237679359533e-03
6.515114307404191729e-01
6.113226506744942265e-03
6.347353580092096603e-01
7.541226902245207414e-04
6.305045833248945630e-01
4.845856909133763879e-03
9.625087740514741697e-01
1.385503388079007683e-03
9.027744185314765524e-01
1.584621886251650008e-03
6.290325381777317482e-01
4.935870678404204528e-03
7.303620179204891594e-01
7.889467486501997376e-03
5.607097094924172742e-01
-3.061535990410771835e-03
6.211990975882143440e-01
-2.030230815992591694e-03
8.722770972181870253e-01
-4.356953024572839638e-03
7.869001835069232564e-01
-2.144114905845906013e-03
9.668449016058691114e-01
8.178676087477841986e-03
6.537233553139154552e-01
7.300000414303843901e-03
7.845480094164024587e-01
9.490617568295030629e-03
7.900519697061134661e-01
4.259101477426699249e-03
9.052875374953447407e-01
-4.273753778669335535e-03
9.626177588277865516e-01
-2.007119366594873298e-03
2.764587527703481597e-04
