1.000000000000000000e+00
7.889878025548150431e-01
-9.668632286539755386e-03
8.721821722232129259e-01
5.374250825690585036e-03
6.522980494732802947e-01
-9.111917707565263952e-03
6.270980486720273417e-01
-1.332475038036134291e-02
6.585929655151192552e-01
-2.193552479886567638e-03
6.344483799385181033e-01
-6.677816920092339605e-03
6.309765808359477646e-01
1.207276003451706117e-02
9.660449301991660409e-01
-2.394808100980928486e-03
9.081419053307279166e-01
-6.990373959551233855e-03
6.227789420347928928e-01
7.188864383206899911e-03
7.309352571605540749e-01
2.899807760866411014e-03
5.558056520607804751e-01
-1.244573675858280919e-03
6.260658788403266062e-01
-1.483235737020008327e-02
8.718103163265258360e-01
1.808324734383256506e-03
7.768079733066406423e-01
-6.063318135796570869e-03
9.607390776112190167e-01
5.078562711794087220e-03
6.541892388764952715e-01
4.253122428716553383e-03
7.857839189251538681e-01
1.236378671458612799e-02
7.923975110605464556e-01
1.163649220169536182e-02
8.997171073489432791e-01
8.237615305452453476e-03
9.618696396767457690e-01
3.409814538417991776e-04
1.045654411951724361e-04
