1.000000000000000000e+00
7.825200388836406340e-01
-4.922487679670383039e-03
8.766126137707841437e-01
8.360295649338100876e-03
6.499677276401570891e-01
-1.927493782709503939e-03
6.314736526117594728e-01
1.333894941238605684e-03
6.548197748161506127e-01
4.648279313968848268e-03
6.298544343029607306e-01
1.048068940070971851e-02
6.283456354951368894e-01
9.306158248015575229e-03
9.581550000474096107e-01
-1.628633210024550476e-03
9.072672101354143370e-01
5.005486014029746078e-03
6.284900230739393079e-01
1.899642778815406607e-02
7.318408334604069587e-01
1.047884387714457036e-02
5.503388776847752961e-01
-5.836317794072220892e-03
6.251578838191195198e-01
-6.233541839034377995e-03
8.792093241087975963e-01
2.975742624672306040e-03
7.858100100893510298e-01
-1.704124872136552867e-03
9.690615781108794513e-01
3.004285769095310643e-03
6.520087162425834970e-01
2.086637113696232504e-02
7.816739447841499766e-01
1.468384014284028136e-02
7.920276205235234901e-01
1.029150472146569961e-02
9.066465672527374009e-01
1.480449013354081904e-02
9.648972112396716483e-01
-5.304333183478403095e-03
3.816604641130800818e-04
