1.000000000000000000e+00
7.762895259439734907e-01
1.394341092111299300e-02
8.704177001888280252e-01
1.319219432675177925e-02
6.486905685245926145e-01
1.367480032088775818e-02
6.296237484900439885e-01
2.123871031716023650e-02
6.573899005155421360e-01
1.815322701448773834e-02
6.354688125154156486e-01
1.973531775693284848e-02
6.289313690967716086e-01
-2.910235163844046569e-03
9.650686884117818387e-01
8.970945866390684156e-03
9.024768419093343041e-01
1.129587544457250591e-02
6.305741532573769792e-01
1.656788291720859979e-02
7.305762790075124302e-01
1.679554739815219619e-02
5.620148552942594300e-01
-2.044896679452972224e-03
6.238374054683055725e-01
8.624132329566946281e-03
8.748041514082313119e-01
1.461661859171977003e-02
7.779409315244217860e-01
1.564437548628943783e-02
9.648593698522820450e-01
4.303907666339232101e-03
6.651684581527668172e-01
1.077678417814176802e-02
7.864281519053488712e-01
8.904563996202518802e-03
7.815190164210189527e-01
4.439274031444450123e-04
9.064834322906824005e-01
7.427457435886510202e-03
9.641848760476139368e-01
5.426863511487537740e-03
3.500100055535657366e-04
