9.951463146456164255e-01
9.933283493617366400e-01
9.883957535631172631e-01
9.891173077133197378e-01
9.832863815831437426e-01
9.840277821218212928e-01
9.751362442363178396e-01
9.978100584014747421e-01
9.937579817850972219e-01
9.780433271877949641e-01
9.842175600551431591e-01
9.774033294398225546e-01
9.858398013906618518e-01
9.940240214609536995e-01
9.972333140953707487e-01
9.994788754357096794e-01
9.847817491391307465e-01
9.890479665387087449e-01
9.907300169493346020e-01
9.992158869081173567e-01
1.004506826523058560e+00
