9.844122067451114289e-01
9.982823530812822144e-01
9.828577854043362150e-01
9.832014625528918694e-01
9.921425893476590874e-01
9.858712608217545803e-01
9.735885256344665173e-01
9.974047996242467740e-01
9.951047512142040530e-01
9.832959958439192460e-01
9.830010231845364155e-01
9.686778044333789195e-01
9.865040579276228572e-01
9.997554464418036968e-01
9.919098010448920144e-01
9.979251840313553279e-01
9.831324138954332659e-01
9.915407419870202466e-01
9.894170951972595107e-01
9.930864180121935503e-01
9.962874321431176572e-01
