9.870329005526221611e-01
9.894293180548610067e-01
9.853609848284470285e-01
9.903100930359943765e-01
9.819738639814362680e-01
9.802420178138535611e-01
9.792851452623677622e-01
1.003338576914357017e+00
9.871140872190171667e-01
9.854152686224214586e-01
9.830810155311763276e-01
9.753722730502911720e-01
9.783993022565404818e-01
9.894459748160121526e-01
9.907723948479310039e-01
9.997842919534697392e-01
9.807519173617338382e-01
9.935519418515004197e-01
9.828289878386357037e-01
9.865736245004083083e-01
9.963422813860181027e-01
