9.920540616929272026e-01
9.959494313215726535e-01
9.833545217338802713e-01
9.819915016724823920e-01
9.841939188819612827e-01
9.755080098674028255e-01
9.886864779712534190e-01
9.988316491696748178e-01
1.002616432018674786e+00
9.853181783425292162e-01
9.899881475937559738e-01
9.802905105298078681e-01
9.807418863316097468e-01
9.932841796682068125e-01
9.902096166314832137e-01
1.005012831393953920e+00
9.919959468983332584e-01
9.961890459035465106e-01
9.953699350696635362e-01
9.949030090770195622e-01
1.004316735953557638e+00
