9.909900443831355377e-01
9.942504233834483784e-01
9.889315058697093486e-01
9.892902695046172923e-01
9.875754221576507064e-01
9.856858707009278353e-01
9.826795739695820542e-01
1.001380530711633687e+00
9.971234884843699353e-01
9.836956690034480699e-01
9.909625472602254792e-01
9.713270150835582317e-01
9.870925538939059329e-01
9.978832631468873560e-01
9.956618701802827376e-01
1.005209430535034754e+00
9.887243572370438827e-01
9.910896893889072912e-01
9.934101588165461516e-01
1.001535148727609625e+00
1.002206607414951822e+00
