9.802578867450585376e-01
9.902633345543147003e-01
9.841895837360342680e-01
9.835557029598785972e-01
9.799513964690466095e-01
9.796080133882084651e-01
9.753846541490681643e-01
9.950444645983460568e-01
9.916128209732881782e-01
9.859845510256766143e-01
9.889922364718227721e-01
9.803078215668807882e-01
9.812591496035734107e-01
9.931508329666980384e-01
9.868665851701005076e-01
1.000181498786141709e+00
9.880316829652900923e-01
9.858312901348134094e-01
9.909158268307474149e-01
9.923392008793203711e-01
9.922264728121588107e-01
