9.950257840382107366e-01
9.884546845786147395e-01
9.758425449606747959e-01
9.835002906355113650e-01
9.879943986701356096e-01
9.844263246082562979e-01
9.772514198266244456e-01
9.977972044286990139e-01
1.002570557557036945e+00
9.764898944378200829e-01
9.829757386782013162e-01
9.701678760783861710e-01
9.841143984489215679e-01
9.945809369768142671e-01
9.842007599184776634e-01
9.986354541498172477e-01
9.812323895504573290e-01
9.839705551871558153e-01
9.930814301585404458e-01
9.912764059309233655e-01
9.966487516680401226e-01
