9.862634606783979851e-01
9.936532742328391121e-01
9.854950960803856574e-01
9.878037232132392820e-01
9.903099724314075036e-01
9.778650275654992008e-01
9.795321748656731220e-01
9.962120315264653136e-01
9.869570278751104153e-01
9.841294453037930934e-01
9.792589954884448611e-01
9.806115899985567985e-01
9.809152064976668361e-01
9.879832914151925882e-01
9.869987422142383338e-01
1.002374578678950412e+00
9.832193757710262494e-01
9.927956413336117558e-01
9.862563064163352156e-01
9.969144987016900217e-01
9.965050563714696885e-01
