9.867771035541870184e-01
9.869043637499776978e-01
9.794239997042133439e-01
9.880524722145330729e-01
9.829712539627161183e-01
9.824394954044627370e-01
9.836479338255769145e-01
1.003978796788959738e+00
9.964791864070414729e-01
9.795199551288179540e-01
9.902208739987836683e-01
9.827325508371570484e-01
9.782007487158895787e-01
9.921166597603684467e-01
9.877414641095958459e-01
9.944228237340483334e-01
9.871207000668519305e-01
9.870500008822395976e-01
9.838785369536423575e-01
9.943889615306860108e-01
9.939607138034444178e-01
