9.911520398865931725e-01
9.949559778569669888e-01
9.904111425897424992e-01
9.854145555007205459e-01
9.908532822674660512e-01
9.809754132175385610e-01
9.758524224948321724e-01
9.962927698799109999e-01
9.958254630173194455e-01
9.756713397457665859e-01
9.830460162665611845e-01
9.718918611222816528e-01
9.818254357661785336e-01
9.913776891345122966e-01
9.825940012354080766e-01
9.975380010763879035e-01
9.814003180891497369e-01
9.866880266351634177e-01
9.860109914215091642e-01
9.905215670764186964e-01
1.001383433107836618e+00
