9.942216809085893114e-01
9.944508856348293069e-01
9.840013223429325828e-01
9.734020787406866271e-01
9.892117475040840269e-01
9.824336814015238728e-01
9.866390096191393067e-01
9.975164693010933892e-01
9.990591572043725499e-01
9.808932590883610025e-01
9.952764071217915509e-01
9.762262650277172549e-01
9.837855701767196370e-01
9.959529431798211929e-01
9.853944328579640199e-01
9.947687024734557237e-01
9.896150048549020584e-01
9.918924803910817989e-01
9.941300660692475866e-01
9.985687900653310578e-01
1.000593203461390468e+00
