9.861938577628409641e-01
9.897283279616410079e-01
9.850814218964779601e-01
9.812382888742595677e-01
9.885899999346126066e-01
9.816508772375758252e-01
9.823494736853209952e-01
9.950079924278775190e-01
9.929974504405300051e-01
9.819688378434191511e-01
9.878049828527198928e-01
9.777642277234197543e-01
9.811057916552428093e-01
9.971881184297737288e-01
9.927228376565311319e-01
9.999587423402397368e-01
9.801132177220323038e-01
9.898133220431784007e-01
9.953069763813882087e-01
9.842493504192904030e-01
9.966411713838917441e-01
