9.866954428181052839e-01
1.001044126157526470e+00
9.835943363716062038e-01
9.852865071723280188e-01
9.834404590695088322e-01
9.842462783473161503e-01
9.796154098030529500e-01
9.947056358679703392e-01
9.960902879403878973e-01
9.848204064098824428e-01
9.900268980687655374e-01
9.730451892967784122e-01
9.758701281986851273e-01
9.989292293662750399e-01
9.874238841524081156e-01
9.961124234117035847e-01
9.754407975508758710e-01
9.838132471817138125e-01
9.885807595104556533e-01
9.918464762547509750e-01
1.001284523962988837e+00
