9.857769914115667165e-01
9.841748209526671731e-01
9.846938657392785288e-01
9.818867717717222332e-01
9.761447440553893129e-01
9.725985393853189276e-01
9.752948742351716938e-01
9.946859169165869208e-01
9.890029876280870269e-01
9.797353177977707883e-01
9.829370419988165963e-01
9.803114512434283334e-01
9.853217467133765783e-01
9.932405448511879564e-01
9.927948640350590104e-01
9.913731798416783869e-01
9.833232818492206873e-01
9.900111256616728195e-01
9.879035940401349469e-01
9.865889355494835700e-01
9.961674667745122891e-01
