9.867601553813628579e-01
9.938919893645148385e-01
9.877744397926669917e-01
9.847178546471740956e-01
9.866166609992712555e-01
9.903555417789682291e-01
9.890008765077462627e-01
9.953861195435705911e-01
1.001447456294563665e+00
9.869656786877529786e-01
9.937745888445312925e-01
9.762653406442489690e-01
9.805499643387687314e-01
9.946829412708865226e-01
9.912427318197536419e-01
1.003711262781075808e+00
9.881425422327330121e-01
9.875752016409256040e-01
9.974105707283734690e-01
9.954893731138367841e-01
1.000701702654968051e+00
