9.885078404502044558e-01
9.970258010834205376e-01
9.860050705373077928e-01
9.765473402537376835e-01
9.824622646529002079e-01
9.867896235045369169e-01
9.839934737874174164e-01
9.976700769840859406e-01
9.942242304667697761e-01
9.852954561630686836e-01
9.849885990847119244e-01
9.777610578872969471e-01
9.792304073851536561e-01
9.917769208921455304e-01
9.872672863355248518e-01
9.981297387704257673e-01
9.811388756075982709e-01
9.935207903332886614e-01
9.905988407571035825e-01
9.993462018667113034e-01
1.001913876717722252e+00
