9.842151794119405883e-01
9.922792170141223611e-01
9.802776062138991442e-01
9.763028722945042981e-01
9.828246750130249509e-01
9.825124634373252341e-01
9.868295415571148865e-01
9.953209970480491053e-01
9.935173047982728267e-01
9.777196709000539609e-01
9.804556701694954191e-01
9.818245910782863461e-01
9.846350925808378118e-01
9.948280920024119567e-01
9.794579730633063974e-01
9.977445365221383478e-01
9.889782073367108239e-01
9.875980434618247816e-01
9.902997420152123143e-01
9.908671098619918904e-01
9.947838960434354227e-01
