9.839540080180593229e-01
9.983860278721603532e-01
9.830178508133772253e-01
9.906435967995335101e-01
9.911495770163575303e-01
9.818742813488635646e-01
9.771349912281288574e-01
9.973503263360931070e-01
1.001522601072258878e+00
9.815562875788008679e-01
9.829029113240673743e-01
9.784990291437081211e-01
9.852241990614978295e-01
9.984889503380555142e-01
9.832543973675770266e-01
1.004611494407658068e+00
9.825312662945888675e-01
9.891733769479621463e-01
9.866685411155263763e-01
9.936066804009284770e-01
9.993021011392644315e-01
