9.897944218173680975e-01
9.935939796219180886e-01
9.886486569267761704e-01
9.794705782476523792e-01
9.883830696043516273e-01
9.917099415685384223e-01
9.781571362983044748e-01
9.923750526333456889e-01
9.921027822322739942e-01
9.879300444188066077e-01
9.870629648895058450e-01
9.737901570888550795e-01
9.833735734275319551e-01
9.896034651601345322e-01
9.913193004121163554e-01
9.962901118996397853e-01
9.744911125766055893e-01
9.943197939425397758e-01
9.824959843474508903e-01
9.952652401605618371e-01
9.980510602401300169e-01
