9.879424562147702815e-01
9.913732502597524254e-01
9.912271350898032019e-01
9.823220885298062921e-01
9.834620339383620680e-01
9.870813518129036845e-01
9.784104193597569221e-01
9.970642993945458832e-01
9.924280545929362596e-01
9.881344787331095558e-01
9.850673968285473814e-01
9.766940667900334550e-01
9.867720285083962928e-01
9.893062405077662769e-01
9.862686870383693405e-01
9.990788526056925134e-01
9.853278229847520775e-01
9.954937585746467255e-01
9.913954816151588911e-01
9.985572769743940036e-01
9.968127142198147661e-01
