9.852051793108806965e-01
9.968498490846274818e-01
9.888901490055210797e-01
9.846621267110114983e-01
9.836881310029439440e-01
9.811993307301536404e-01
9.855820291025687574e-01
9.923205046922699557e-01
9.973863080464263620e-01
9.805165070902136515e-01
9.913482323658567852e-01
9.818722503915965349e-01
9.801099892226583510e-01
9.942462146504300602e-01
9.912848867091246241e-01
1.001462055454806377e+00
9.870736878328763009e-01
9.874686267931487293e-01
9.943699466149257260e-01
9.982570862987000249e-01
1.002436601656373494e+00
