9.847532308473156970e-01
9.934129392382025081e-01
9.831304321616355368e-01
9.801655439146874649e-01
9.822621688762082082e-01
9.813970286990895131e-01
9.765292186263563323e-01
9.988184999293105992e-01
9.897281680746299326e-01
9.841695534079444307e-01
9.918347166845595808e-01
9.796450954168468561e-01
9.842259620115121344e-01
9.919249538004928368e-01
9.893910379789828680e-01
9.974697394266099915e-01
9.852504143297020622e-01
9.866094966185139370e-01
9.889783621741446984e-01
9.902709166276089103e-01
1.001968340916312039e+00
