9.889142876031895568e-01
9.955305549954310829e-01
9.876184292962827405e-01
9.848040478374910922e-01
9.851404022474609112e-01
9.834839697393713553e-01
9.862510119238185879e-01
9.972817637261480739e-01
1.000375027346945611e+00
9.863489335670804214e-01
9.963011025726694614e-01
9.723499294412994987e-01
9.810168685471507555e-01
1.000472526477406143e+00
9.890754168080315711e-01
9.974812477941381594e-01
9.853318657370474520e-01
9.906356134604292762e-01
9.944080853098837824e-01
9.946867570125428326e-01
1.000559425700850102e+00
