9.934497702756605042e-01
9.957777008689742138e-01
9.871562941308600347e-01
9.830674334731501762e-01
9.794167606200449017e-01
9.829168692618891479e-01
9.786772372813472565e-01
9.955143414764179299e-01
9.967605563649742928e-01
9.808503334306912791e-01
9.886363203452104287e-01
9.750493945475773305e-01
9.784252911612876247e-01
9.871393706143027913e-01
9.899377843139500754e-01
9.981195347643567750e-01
9.731588046214578736e-01
9.835530328718324888e-01
9.887367517016966145e-01
9.964212603463565854e-01
1.000649721247578450e+00
