9.889975923912326383e-01
9.965429909083063365e-01
9.879592422820934194e-01
9.854170260293818595e-01
9.834090232117879138e-01
9.829854818246749337e-01
9.832827648544780752e-01
1.003124809573739507e+00
9.990301263078087413e-01
9.858015897442011788e-01
9.952455160274101820e-01
9.815456654789672664e-01
9.854264434055631794e-01
9.989011746166328587e-01
9.908067773952257129e-01
1.001168740985023176e+00
9.852246293207652661e-01
9.937372597593692181e-01
9.886099508673059644e-01
9.980701261373116084e-01
1.004238277657724998e+00
