9.895566221446833177e-01
9.923681490746332212e-01
9.807276328816704192e-01
9.858489395175178416e-01
9.762357823287755032e-01
9.848768126118943034e-01
9.777557624582410289e-01
9.948331081341031945e-01
9.963263271295198509e-01
9.770208824267443415e-01
9.839912698433487259e-01
9.741139580250338659e-01
9.806462159418894986e-01
9.940176529516767667e-01
9.885555945855040161e-01
1.000205728553499984e+00
9.888927319512050840e-01
9.853493721265700334e-01
9.863858281973560960e-01
9.965692457101487101e-01
9.903507491028811227e-01
