9.860246181028132773e-01
9.960857042328399302e-01
9.820860329575212821e-01
9.821928590960096184e-01
9.858771690660799170e-01
9.768502327323675960e-01
9.833877463070954672e-01
9.978138221001001673e-01
9.939044317682450558e-01
9.824489608814092056e-01
9.834281445836376978e-01
9.808990850098341374e-01
9.863369460241302455e-01
9.937364596471162104e-01
9.790086386193925794e-01
9.992344011633164103e-01
9.799247943244950854e-01
9.873758304389448348e-01
9.909201903766495789e-01
9.930937191657902563e-01
9.996042362761545785e-01
