9.845237887483357930e-01
9.904757731569969748e-01
9.841224169666644706e-01
9.856091682736685122e-01
9.817308935994130126e-01
9.819896437136050871e-01
9.762863223090252340e-01
9.955872901173704603e-01
1.000581727185736458e+00
9.873785882128720548e-01
9.883280414007329373e-01
9.797390125411367112e-01
9.809625828178462070e-01
9.873034087917917923e-01
9.803532957206838594e-01
9.996122660708923746e-01
9.870355430158943566e-01
9.932803952771487310e-01
9.873597554709360180e-01
9.928296650753680730e-01
9.940783220756554961e-01
