9.915185402998368813e-01
9.919292699451248696e-01
9.851283485497528414e-01
9.848631474343527703e-01
9.789373025888007396e-01
9.729114381901294850e-01
9.860004333981597924e-01
9.969195533378349960e-01
9.918173918572436021e-01
9.897024148497427509e-01
9.860591997422005761e-01
9.732733253784134897e-01
9.850300038396235802e-01
9.923624997852176222e-01
9.894605277489151307e-01
9.955044194316350348e-01
9.818634592978215947e-01
9.941225171830087026e-01
9.918953904046458048e-01
9.959892982553157914e-01
9.968219447057218296e-01
