9.843184517338767758e-01
9.890442965657388896e-01
9.795078103825330951e-01
9.689840810414996897e-01
9.800036838126662264e-01
9.782226006789898065e-01
9.845619402785931173e-01
9.986587211069578585e-01
9.963809567164088055e-01
9.815331379725439342e-01
9.880190504848577193e-01
9.725693660337711988e-01
9.856632778095475445e-01
9.969463616702928244e-01
9.894292171212953901e-01
9.964306087640636411e-01
9.799192984340202583e-01
9.818706260498846206e-01
9.861518885566309400e-01
9.898515105517472490e-01
1.004330247282213540e+00
