9.812159814794932933e-01
9.902752296591940118e-01
9.843230238335733961e-01
9.792368184758106775e-01
9.861768662285226306e-01
9.851007586639051183e-01
9.757539920975839554e-01
9.993563162552989709e-01
9.969125525899115159e-01
9.881796810999324832e-01
9.910934394987743756e-01
9.728336343069615699e-01
9.870843424724775605e-01
9.975019385804053673e-01
9.891093902610255117e-01
9.990817058868538547e-01
9.887202333631093243e-01
9.869207300109499315e-01
9.853408731158577183e-01
9.972151475537660570e-01
9.966546692162364662e-01
