9.898636565347357363e-01
9.903866433267367597e-01
9.859591377396154099e-01
9.754602737593038864e-01
9.836773392882210976e-01
9.771015790696333525e-01
9.881854232540218108e-01
9.993782185492032788e-01
9.911080080092877775e-01
9.892165930230742976e-01
9.852388566987095864e-01
9.719730307151327464e-01
9.821861017138876493e-01
9.955399400781549391e-01
9.866770204234158737e-01
9.997913692846330802e-01
9.863050685619696445e-01
9.902134768999761860e-01
9.943351153617745464e-01
9.909312690888348873e-01
9.988567510754142731e-01
