9.937407461129702524e-01
9.932768414883278441e-01
9.821092076388938663e-01
9.904537120541389017e-01
9.825440203975845943e-01
9.836656713874649682e-01
9.868846342463237775e-01
9.916420956315660229e-01
9.958513807235803705e-01
9.847827791671025510e-01
9.860043334274162241e-01
9.854238118346948516e-01
9.862112348564738840e-01
9.925870026513564648e-01
9.883481153051941748e-01
9.964601451950393374e-01
9.885654353226087654e-01
9.869226823413314031e-01
9.908590432368693524e-01
9.974855413184379183e-01
9.921378040121945352e-01
