9.901601358566004540e-01
9.912538106008821348e-01
9.791218052678827277e-01
9.819280056691028769e-01
9.839114893004965445e-01
9.875542523769507142e-01
9.893740304640468164e-01
1.001419337530405684e+00
9.967051594183500285e-01
9.871897830371280103e-01
9.909688323752258166e-01
9.828137194160438961e-01
9.746058795716198153e-01
1.001405246007886607e+00
9.901798594335430304e-01
9.956649609128457312e-01
9.761628052554057744e-01
9.884114642448582622e-01
9.883612202021203608e-01
9.982526037063071955e-01
1.003685452032919923e+00
