9.692222389363573942e-01
9.845165963143309718e-01
1.010849986474568807e+00
9.966422535895272938e-01
1.004961361455207758e+00
1.003259006368590889e+00
9.986577398245121140e-01
1.020605320950535022e+00
1.017709235543871049e+00
1.020984483946159704e+00
1.020766298117689930e+00
9.924904978903426045e-01
1.002022276526733480e+00
1.009650625321754092e+00
1.021137957856461220e+00
1.024424240763384120e+00
1.017289966471102147e+00
1.019077102153843839e+00
1.022356752700450455e+00
1.003218255556596272e+00
9.966540312988783068e-01
9.690461544158407436e-01
9.783527759421640768e-01
9.774389538204526495e-01
9.885597970243417132e-01
1.018192488337277046e+00
1.008660887168652209e+00
1.010432863618491828e+00
1.040721213630478870e+00
1.029975618472582566e+00
9.929914508795195660e-01
9.947358998694965093e-01
9.978633410298538564e-01
1.003143991446139305e+00
1.031723306977811561e+00
