9.697722427689565716e-01
9.887708141435451736e-01
1.001658436194752033e+00
1.005382780027473943e+00
1.014554136605367640e+00
9.969563532368918013e-01
1.012365959565848739e+00
9.940748671761422406e-01
1.000231701583079502e+00
1.018710896522644793e+00
1.026076136242103365e+00
9.953057022354613315e-01
1.006945791868629314e+00
9.924289870233415911e-01
9.948765002278499026e-01
1.013256758281464220e+00
9.971097169385659820e-01
9.880139608921927330e-01
1.006267434119888060e+00
1.018474914272680998e+00
9.973597347492921816e-01
9.674504611437475532e-01
9.787647840277320377e-01
9.854343303531996057e-01
9.878645934422990438e-01
9.993659369563790973e-01
1.018588930319172192e+00
1.009297238277331976e+00
1.021048114179047950e+00
1.011642631581725738e+00
9.990174237402720259e-01
9.899042653605532038e-01
9.885446813826942458e-01
9.986265500357617286e-01
1.029499649914663584e+00
