9.685203870668630532e-01
9.741317326577036972e-01
1.007577928118132959e+00
9.861497167284127841e-01
9.984156139879349912e-01
1.000279607203695686e+00
9.956181199298166362e-01
1.012378454626394308e+00
1.002546560765734451e+00
1.008121315741591584e+00
1.024928744764302291e+00
9.927565692828658195e-01
1.009601385104906379e+00
1.004764422060363538e+00
1.016627134560986301e+00
1.022280185899226757e+00
1.012095465443428655e+00
1.006958934050342869e+00
1.012558224445188282e+00
1.005560594583855938e+00
1.005536521503231473e+00
9.739730615182796702e-01
9.904991640337793557e-01
9.799052842815447750e-01
9.914744983281928992e-01
1.011510423050444585e+00
1.006090746240987155e+00
1.000984689669440542e+00
1.021212798334021343e+00
1.020208209849104541e+00
1.000295305353847475e+00
9.952186614860129010e-01
9.816267180121657221e-01
9.863427566223966769e-01
1.018307080236817264e+00
