9.787117334893741250e-01
9.815303964029207240e-01
1.012729472483768545e+00
9.973674782095923730e-01
1.005428458636463684e+00
1.015325499293492140e+00
1.004281351420939661e+00
1.003153178068432849e+00
1.002913026646505390e+00
1.007663177356749706e+00
1.024347755628479462e+00
1.002563396129231510e+00
1.006932122174024169e+00
9.905440745277714898e-01
1.005560185747050861e+00
1.010322874338793753e+00
9.880114099039872810e-01
9.986375085303552668e-01
1.003367408875037947e+00
1.004736353586040964e+00
9.959974711595855901e-01
9.748160248657237181e-01
9.790638401890784381e-01
9.789267503949499183e-01
9.937667492778528011e-01
1.010537257245419429e+00
1.004216924449710779e+00
1.015017313974066138e+00
1.032146440062849058e+00
1.016875698426973340e+00
1.001333112585630625e+00
1.012102486608565277e+00
9.974764821362377409e-01
9.855488898942069698e-01
1.006963546966698653e+00
