9.737527684199005495e-01
9.721067861444679936e-01
1.000587409479543277e+00
9.902949009394796942e-01
1.001231375176705241e+00
1.000164343254861699e+00
9.927413448577153687e-01
1.012678776664046376e+00
1.003803100955096728e+00
1.007116962752504286e+00
1.029960277458560114e+00
9.995771821425361026e-01
1.002470419585029360e+00
1.012084268770473860e+00
1.013640583227078951e+00
1.016986921569590585e+00
1.012512377084408666e+00
1.011142636654230209e+00
1.014480728509246532e+00
1.003301306595142384e+00
1.017054358829194705e+00
9.870519789295207902e-01
9.899089626563851718e-01
9.902795381997648860e-01
9.918023228224849275e-01
1.011624290403202675e+00
1.003269897978163572e+00
1.001912660898653717e+00
1.021936691722181267e+00
1.019985804756242009e+00
1.004968645989271270e+00
1.003609110820489647e+00
9.945294866661954503e-01
9.909530273725085658e-01
1.021073983334934931e+00
