9.668071003905502891e-01
9.866938835352759840e-01
1.011096218635801680e+00
1.001447396231582854e+00
1.010207726985544952e+00
1.007204256127376629e+00
1.002210147171023635e+00
1.011610647222286108e+00
1.012405529591900333e+00
1.014843417576314799e+00
1.023830940722993299e+00
9.961507496154258234e-01
1.000761648532225490e+00
1.000508783018868808e+00
1.010942295523012735e+00
1.013376660017431430e+00
1.004374873386508105e+00
1.010172898817334408e+00
1.012605410592729793e+00
1.002408015279605547e+00
9.993358419401118242e-01
9.723178978779700721e-01
9.768184812925196914e-01
9.810967577083716806e-01
9.913278375979844848e-01
1.005533526736612782e+00
1.009028795879990392e+00
1.014853687336326749e+00
1.029396500981530904e+00
1.014329960886652060e+00
9.886918533030768508e-01
9.943993442614809108e-01
9.843057741912243364e-01
9.898495809269134416e-01
1.017354680509863218e+00
