9.791604595724245907e-01
9.844960965505554773e-01
1.011872240638771014e+00
1.001389637408044653e+00
1.008147582322600933e+00
9.992374556752685599e-01
1.003164712434401640e+00
1.018701977206079912e+00
1.001432614036945612e+00
1.006499797085439907e+00
1.024023950785498238e+00
9.875134582647249193e-01
1.001772611738774854e+00
1.006749603648576796e+00
1.000042916989846820e+00
1.005103068262841459e+00
1.019479375417985834e+00
9.982733659029408013e-01
1.003324563364021094e+00
1.005059934115853704e+00
1.006249528256333292e+00
9.703727639997418164e-01
9.843844152366014733e-01
9.874107164238747902e-01
9.808328600686030407e-01
1.004336212255648064e+00
1.017558151935247013e+00
9.963921054488200646e-01
1.020268298349940039e+00
1.023962647606852627e+00
1.012043329761865840e+00
9.909919961125029930e-01
9.872850897350973209e-01
9.962593982676476445e-01
1.033093246965890222e+00
