9.775198677277560089e-01
9.874108979030828959e-01
9.978633334118590659e-01
1.000471577024482750e+00
1.005384472748273916e+00
9.875400343524758373e-01
1.008519381881339605e+00
1.004981802099599530e+00
1.018937594509327971e+00
1.012575948364547562e+00
1.018202730882716400e+00
9.896545962621090542e-01
1.008044011485855318e+00
1.007133711049790215e+00
1.018457313439893097e+00
1.012098665887205318e+00
1.017661833586888775e+00
1.010330205661049030e+00
1.004022298982138128e+00
9.937565890403288194e-01
9.986195789872471806e-01
9.706205122876452318e-01
9.886562428269245473e-01
9.788621523212224229e-01
9.898678864020052925e-01
9.968312243135919459e-01
1.008491104328871568e+00
1.001225545869832700e+00
1.008268780525060970e+00
1.007034613413813284e+00
9.983889108391612588e-01
9.911961324741150881e-01
9.877131787205223334e-01
9.964861104281156345e-01
1.025231310759133541e+00
