9.645548138014357065e-01
9.810833283879605293e-01
1.000199253067079130e+00
9.888682220754703156e-01
9.990124758332570298e-01
9.973887643598201569e-01
9.926465545209541830e-01
9.991425568441326677e-01
1.008210333395025637e+00
1.000552558605629416e+00
1.018274846719448679e+00
9.971900711796766181e-01
1.003820865471390933e+00
9.989435142850724425e-01
1.019559847194765112e+00
1.011815868150394815e+00
1.001758384039385330e+00
1.015679074090558354e+00
1.007964571124201125e+00
9.924045860910694072e-01
9.882497628351931684e-01
9.677866977857685349e-01
9.742219749678641127e-01
9.668431445338355745e-01
9.867969856210657698e-01
9.949581135095283413e-01
9.990250400691683685e-01
1.012907746875260528e+00
1.021284819142319611e+00
1.008270321056287111e+00
9.821942577397828611e-01
9.958430797011270652e-01
9.848889464227457147e-01
9.890001411852268332e-01
1.009911747295609175e+00
