9.771530977414060182e-01
9.793103477299210935e-01
1.004059030369819361e+00
9.989755443552856828e-01
1.007747446559697391e+00
9.984836711169287060e-01
1.001200862806174818e+00
1.018686469332562350e+00
1.018518749906467402e+00
1.026653516847431336e+00
1.029037882521812053e+00
9.944471798128869944e-01
1.002227600528825091e+00
1.014568305767197032e+00
1.019563247230235614e+00
1.027706356425380108e+00
1.020233478823979523e+00
1.017297115637469274e+00
1.025422125556222142e+00
1.007986860273029972e+00
1.002875107458361503e+00
9.691638561181677991e-01
9.767464635168826570e-01
9.834467453112927249e-01
9.882884685318218398e-01
1.008581321903594397e+00
1.014737331673028820e+00
1.011816787104998561e+00
1.032592755209050805e+00
1.020533330113543746e+00
1.012502042214307396e+00
1.009587931096868729e+00
1.004922199729848087e+00
9.953785785038540279e-01
1.030001678846234947e+00
