9.731188040178717635e-01
9.823623853734092526e-01
1.001272474723114314e+00
9.854507894937476475e-01
1.009394592211064534e+00
1.001430864251292574e+00
1.008040735253629583e+00
1.012557431794280483e+00
1.013768022007593306e+00
1.016600698136111980e+00
1.027517550794028178e+00
1.000158188237644463e+00
1.022923464064082744e+00
1.011270615497831260e+00
1.028735308567151341e+00
1.031609806369292892e+00
1.011110669682930618e+00
1.005681602492505267e+00
1.008491683503572656e+00
1.002794205446438269e+00
9.984293816209194317e-01
9.718445399142219276e-01
9.939653496738760641e-01
9.866147832296454645e-01
1.003653668867865001e+00
1.022012855725788594e+00
1.015198154343416981e+00
1.009747139774206159e+00
1.028217790550862709e+00
1.018292352658495270e+00
1.005645603399502486e+00
1.000245880387654829e+00
9.993064743814593642e-01
9.990608249185377598e-01
1.026390169062577629e+00
