9.781679189055297874e-01
9.745008715900933538e-01
9.939150995638195152e-01
9.859703445225544982e-01
9.994385547696633676e-01
1.000060275456979175e+00
1.005420731266771339e+00
9.988797204288863973e-01
1.003448544005413501e+00
1.008679610688959505e+00
1.025590211262591422e+00
1.006182797600978729e+00
1.019727151888767613e+00
1.004995015034227279e+00
1.017726901807906481e+00
1.023032402843111477e+00
9.988195161261120836e-01
9.980384457968427547e-01
1.003241309156299499e+00
1.005213089116324232e+00
9.992565314679027200e-01
9.803474343964794224e-01
9.935440155825715491e-01
9.757744057298731732e-01
9.881361080911367223e-01
1.002608748580677833e+00
9.953352979707428272e-01
9.945569522772841342e-01
1.009123635043779110e+00
1.014646403841571010e+00
9.990807452441015091e-01
9.982994706353703895e-01
9.931354966257613937e-01
9.948272295423312706e-01
1.014015615203065490e+00
