9.717787097020536002e-01
9.821718113280379914e-01
1.012213223374004212e+00
9.957187249161317810e-01
1.002469073988744963e+00
1.006624295134558977e+00
1.004455663763438533e+00
1.016481583602068639e+00
1.013471160124152837e+00
1.018960810740933587e+00
1.020665694562402637e+00
9.944785069880673900e-01
1.008774504916579495e+00
1.004216858789729105e+00
1.017828765055630136e+00
1.023342019430999006e+00
1.009792420583483175e+00
1.008975504530419620e+00
1.014440803612125519e+00
1.005416681631185361e+00
9.951586813999373504e-01
9.696259264588384941e-01
9.835646593109638181e-01
9.746384330323055734e-01
9.878494111964934987e-01
1.019311421312738775e+00
1.005169526140635705e+00
1.004356349981638585e+00
1.036344089494652287e+00
1.031848994147942289e+00
9.945330683274180572e-01
9.937284969994318873e-01
9.949456288858903319e-01
1.001224813306786920e+00
1.027589648550489398e+00
