9.871531462312364003e-01
9.978996996331196412e-01
1.015434940056542779e+00
1.011673204748257504e+00
1.003499145017530569e+00
1.004766166993206200e+00
1.008304761922015569e+00
1.012332243429462153e+00
1.007691991210952098e+00
1.023460555677622175e+00
1.005611230654212651e+00
9.894933957435594341e-01
9.966704239961754475e-01
9.969444653668231293e-01
9.960647237481236038e-01
1.011651342423661060e+00
1.007530186310808373e+00
9.993922762896653156e-01
1.015030965168424837e+00
1.015648198660109358e+00
9.865272140956599101e-01
9.707152558687054400e-01
9.777560818576245261e-01
9.808406673326781622e-01
9.799751363163160534e-01
9.988493936543283436e-01
1.010430877028826835e+00
1.002269537873367922e+00
1.021573183934206597e+00
1.019259934909123810e+00
9.995493732234903561e-01
9.914759249323108481e-01
9.931204283456700477e-01
1.001658641800577731e+00
1.017974636121327103e+00
