9.710793821636725109e-01
9.789146381996364221e-01
1.005616070466556877e+00
9.880022519120656987e-01
1.003193945759580652e+00
1.000465119552009563e+00
9.995339507426659331e-01
1.006492715387770076e+00
1.006481970624654387e+00
1.014769923772268934e+00
1.024802272447981055e+00
9.948778156337959588e-01
1.011671733347047519e+00
1.000871749116744480e+00
1.018704126105810959e+00
1.027092723532158081e+00
1.006024793586466570e+00
1.006951259511321251e+00
1.015243077054343912e+00
1.008234576862286902e+00
9.958788850551694161e-01
9.667989976571785826e-01
9.831189341928678882e-01
9.740972017154930773e-01
9.914525407390140099e-01
1.010966384141328556e+00
1.007548832876326905e+00
1.008476702315766138e+00
1.028325616545390897e+00
1.019682075137725796e+00
9.994843880654479262e-01
1.000404830815835311e+00
9.930089958831710417e-01
9.926071579176272142e-01
1.022463316697923563e+00
