9.770196874094664308e-01
9.864868465758774851e-01
9.964498575703291117e-01
1.000407882922295766e+00
1.016413152176656620e+00
9.998542069290883294e-01
1.014613807534234136e+00
1.000598510121294415e+00
1.016442059254072605e+00
1.013453269686156677e+00
1.030336243919170336e+00
1.003416478343486462e+00
1.014200132620348027e+00
1.004163433332291522e+00
1.016027638931571664e+00
1.013040067942841516e+00
1.000744411722277238e+00
1.001801918824938520e+00
9.988561777501354655e-01
9.970595573641360954e-01
1.004767317540825378e+00
9.785155955365378855e-01
9.890316415797555383e-01
9.907421850371544991e-01
1.002447818392229628e+00
1.004915135125939996e+00
1.012495037949714849e+00
1.013564962179617224e+00
1.016059641449705397e+00
1.002461291938035570e+00
1.002778282259821241e+00
1.003837938595107948e+00
9.962470923515591714e-01
9.924381755742641698e-01
1.019063414058411610e+00
