9.941934222911670282e-01
9.907822177346397030e-01
1.008395563060472844e+00
1.002845205109315962e+00
1.012461967180732003e+00
1.015730025765095412e+00
1.012785841801814080e+00
1.009509349173820958e+00
1.015001535073395633e+00
1.017687065958186698e+00
1.021881447868192128e+00
1.007273398429444189e+00
1.009912433785246311e+00
1.001104513103932669e+00
1.012121840840585429e+00
1.014799752517391518e+00
9.938756594434737801e-01
1.002187721411704979e+00
1.004839349005563820e+00
1.002645839234713288e+00
1.005544789882098389e+00
9.911702770321815237e-01
9.937671225448166945e-01
9.892707094168892157e-01
1.000157804104060411e+00
1.005976883824822199e+00
9.980835103116892926e-01
1.006430763721462895e+00
1.012286340534932494e+00
1.005818161590984694e+00
1.001519852786582065e+00
1.009895845295984307e+00
9.980294024505466099e-01
9.882498349699022633e-01
1.002581993914618108e+00
