9.784312247630555515e-01
9.844850693167889188e-01
1.015119008136739387e+00
9.898429305136486889e-01
1.006047429224166345e+00
1.019370518488166288e+00
1.006951228351962380e+00
1.035171767377991880e+00
1.024767253527151700e+00
1.010433656283564963e+00
1.021902170565513357e+00
1.004188189086549388e+00
1.017283851115081239e+00
1.019754096889644135e+00
1.035282691765430085e+00
1.020802013264095587e+00
1.015500986739601430e+00
1.017693036835903397e+00
1.003458387887665504e+00
9.860128266255073770e-01
1.000137871255838640e+00
9.828011591535126268e-01
9.956179119906789499e-01
9.857606254382924593e-01
1.000771575081566001e+00
1.021372068113560072e+00
1.003011256404427565e+00
1.005176346295922674e+00
1.025867509827527391e+00
1.020584610459499553e+00
9.968434896996150041e-01
9.989952659126639656e-01
9.887912609651055007e-01
9.897857324296365222e-01
1.007245653112780692e+00
