9.763990964895765678e-01
9.814735116089556843e-01
1.014514091315359856e+00
1.001792291661095291e+00
1.012931247191794171e+00
1.021262948798564274e+00
1.010395111231412679e+00
1.013382157760807312e+00
1.016591586765356992e+00
1.020196235362122783e+00
1.032051538030067661e+00
1.006652305316384721e+00
1.008587428394016605e+00
9.988842603920021768e-01
1.014772817905917890e+00
1.018371017479593021e+00
9.922832889932724498e-01
1.006132725173612741e+00
1.009700288552232816e+00
1.003545817852216526e+00
1.002437107568285857e+00
9.777666987391325781e-01
9.796462940008504594e-01
9.738263118295518161e-01
9.893162899757650397e-01
1.002569466815969923e+00
9.959700131793585154e-01
1.009870905483062131e+00
1.023399438098726133e+00
1.013396299014271307e+00
9.908206482361920919e-01
1.004649670135606243e+00
9.849506234181251152e-01
9.803921234405799101e-01
1.005128775373347105e+00
