9.577044188996840512e-01
9.775830717026730010e-01
1.002612475894046673e+00
9.950429063138119812e-01
1.004420322313072989e+00
1.001414908361267342e+00
1.010282667343386009e+00
1.007464179347534738e+00
1.011503865599364005e+00
1.005619252930803453e+00
1.027452654804728915e+00
9.988055529313942804e-01
1.015315682301610956e+00
1.004839061521912269e+00
1.016542964309481434e+00
1.010629035742963477e+00
1.006040723915491375e+00
1.001208768887611678e+00
9.953840498671078230e-01
9.941823132182757705e-01
9.874226835140014202e-01
9.598916843245124397e-01
9.757585723720216819e-01
9.682606401045231737e-01
9.795384942791498517e-01
9.944973872812166160e-01
1.008718645985458240e+00
1.003873829053778310e+00
1.019204355913206905e+00
1.015271368189644585e+00
9.882068671710797503e-01
9.834605671189027287e-01
9.735531313327043801e-01
9.899259450582520437e-01
1.018318367699387439e+00
