9.752357779449505326e-01
9.795604271769340343e-01
9.970908868247631007e-01
9.877685804779352541e-01
1.004611775186643463e+00
9.980730796565466800e-01
9.928217821646584396e-01
1.001631649743286889e+00
1.000019916774605777e+00
1.003584017798110795e+00
1.025574071098305451e+00
1.000985058478381262e+00
1.005115774875404711e+00
1.004554011052075646e+00
1.012403043120426727e+00
1.016011277978211558e+00
1.003565440406392950e+00
1.007250177966737770e+00
1.010840047858325041e+00
1.003564030039522104e+00
9.991450195874366225e-01
9.751896660073099410e-01
9.792139338117740177e-01
9.814209828545568115e-01
9.890892661745451786e-01
9.946222584315201898e-01
1.006389851189420037e+00
1.010084958987797155e+00
1.015735401721425957e+00
1.005594027198752904e+00
1.001946753064717921e+00
1.005625547377311912e+00
9.934716260806771837e-01
9.879140686825902407e-01
1.012181994858394773e+00
