9.787734453706457005e-01
9.881166336531753691e-01
1.025297618083308882e+00
1.007902373310889610e+00
1.015655957091022854e+00
1.024610278703091293e+00
1.020690070226036861e+00
1.028908961814218426e+00
1.020262237416980744e+00
1.021125638279013259e+00
1.027870519025706253e+00
9.993296196459497960e-01
1.012687436059050761e+00
1.003522239462197208e+00
1.012262957636948624e+00
1.013119589077547289e+00
1.004195432351672634e+00
9.995808396480615476e-01
1.000426738797292048e+00
1.000846253865298463e+00
9.938604806206363662e-01
9.662639385952876969e-01
9.791797734155630595e-01
9.732761778888834314e-01
9.817534516777384201e-01
1.013437541163292099e+00
1.007257064052074380e+00
1.002628402191354295e+00
1.034986188111536975e+00
1.032272959602442031e+00
9.977328924332311555e-01
9.931479971257579642e-01
9.880223843128533856e-01
9.948390241658457978e-01
1.023251671934489071e+00
