9.775985643585741736e-01
9.743566586800326279e-01
1.004141866202901578e+00
9.963116215419418609e-01
1.011258090022877143e+00
1.015684027563311664e+00
1.015165820684825304e+00
1.020553164721956341e+00
1.015262533173705739e+00
1.022575461747509129e+00
1.037872611650065613e+00
1.011494552462050001e+00
1.018923998009481968e+00
1.016343605491834445e+00
1.019021068531183571e+00
1.026361069807577131e+00
1.004793948734554743e+00
1.000095267676383237e+00
1.007298946548146779e+00
1.007202992659389507e+00
1.014339136072448078e+00
9.885591921104417423e-01
9.958201770265947550e-01
9.881770806994827350e-01
9.907803416395899454e-01
1.017713790112411587e+00
9.996134663315977553e-01
9.949390105731206191e-01
1.021985508619828176e+00
1.027184076369794585e+00
1.002939407139799677e+00
9.982493984064106929e-01
9.949705312059263784e-01
9.967153827433118396e-01
1.022708026297954431e+00
