9.758764559997321619e-01
9.927453773925689617e-01
1.002272577967182832e+00
1.003033915811549992e+00
1.010228218865885541e+00
9.985147636266185067e-01
1.014717018309190255e+00
1.008988449411751143e+00
1.016896225279651400e+00
1.023907119291412204e+00
1.017610599728235643e+00
9.962507062218683984e-01
1.011647764161780483e+00
1.006700643709308673e+00
1.013820379599911448e+00
1.020810067487073702e+00
1.010489264822777455e+00
1.002147600691759788e+00
1.009056811718340052e+00
1.006894404598495552e+00
9.995642725775409909e-01
9.785831758586903684e-01
9.937071820587561888e-01
9.936671072329703591e-01
1.000694665435983621e+00
1.003671500585439080e+00
1.015414051402471873e+00
1.007031732791495937e+00
1.010027419250446590e+00
1.002974768680473083e+00
9.981599395180337231e-01
9.899200548855564552e-01
9.834270636834232526e-01
9.934408933629655936e-01
1.014740543696540875e+00
