9.720641789507511454e-01
9.904747387707141248e-01
1.005860838806513335e+00
1.000930876651895174e+00
1.012756084399758283e+00
1.001005203783885245e+00
1.009029269034000365e+00
1.020016451466536411e+00
1.020628739481022063e+00
1.020197817364596693e+00
1.022495622308043695e+00
9.951726572550638750e-01
1.008090860788703136e+00
1.014073132300109314e+00
1.019679543601468286e+00
1.019249022247319614e+00
1.018992156694876972e+00
1.011495672923468758e+00
1.011068606901055045e+00
9.995777875933177237e-01
1.006524064101166349e+00
9.796278884810284415e-01
9.923443074444804335e-01
9.958445408194624981e-01
1.001350173411643674e+00
1.011288913849574422e+00
1.016553890032243723e+00
1.009075344010744946e+00
1.019090759389632339e+00
1.009925339508424891e+00
9.976585810757705453e-01
9.903190433636267498e-01
9.848495776789416567e-01
9.944770670408314972e-01
1.021780934315173361e+00
