9.803379264208007537e-01
9.767488044988299478e-01
1.013280716760887046e+00
9.981013905708012723e-01
1.010218302420544001e+00
9.999777083523211374e-01
1.008663936800613836e+00
1.009580225874479265e+00
1.015795412073873250e+00
1.019264831046246655e+00
1.034266228704408208e+00
9.868713494804368658e-01
1.010582638527105726e+00
9.963480101563195745e-01
1.017727679442419042e+00
1.021203698016433403e+00
1.009602731582867285e+00
1.007070219339733619e+00
1.010509837676221601e+00
1.003415470212934313e+00
1.009319653676576278e+00
9.630679423117903815e-01
9.862073133795165036e-01
9.797147237510671625e-01
1.000737475415150790e+00
1.015882304662664604e+00
1.017285157887528602e+00
1.014733374857911263e+00
1.030090013408497596e+00
1.015133668539025313e+00
1.021023233065356139e+00
1.018462073356320774e+00
9.966007356774374548e-01
9.785349516189250085e-01
1.025529472103110074e+00
