9.716716031212694338e-01
9.765045445879118047e-01
9.979786238082565264e-01
9.937502801728888002e-01
1.006476460723360722e+00
9.983089717288442522e-01
1.011222503764809044e+00
1.017696198474227876e+00
1.027002685701777995e+00
1.023442452869813613e+00
1.030693063643751017e+00
1.000331017030532399e+00
1.017582106833600397e+00
1.019757512030397884e+00
1.033461530720880983e+00
1.029878907497524532e+00
1.019420066627077848e+00
1.015605054157931564e+00
1.012084332636496331e+00
9.965333753440659414e-01
1.005327067925870566e+00
9.757122501158169703e-01
9.925387798965962238e-01
9.885341848309950885e-01
1.001818608613402439e+00
1.013494469422245858e+00
1.013141102526545323e+00
1.009349588051131841e+00
1.021113219906463199e+00
1.011654665533717301e+00
1.008126838462852115e+00
1.004354089048626664e+00
9.941963642153773817e-01
9.898863110689664069e-01
1.019931339971180240e+00
