9.784235626876615077e-01
9.830057034742540889e-01
1.009229301215387009e+00
9.908639018397116249e-01
1.008288699092443563e+00
1.015578144339659650e+00
1.011330804152316576e+00
1.021075380271486033e+00
1.018809397663965388e+00
1.016049323500076929e+00
1.025720090462172607e+00
1.006290783587661331e+00
1.020655614029943647e+00
1.011737747845641300e+00
1.028203162686992744e+00
1.025417639711774909e+00
1.005412912795007774e+00
1.007394804430897572e+00
1.004665653739001074e+00
9.972908827007120891e-01
1.004669051879015784e+00
9.856384961769369957e-01
9.997085146108625198e-01
9.887473477945961653e-01
1.004838607895734315e+00
1.025110611855015286e+00
1.003154149954285979e+00
1.005131589068108067e+00
1.025409503743239137e+00
1.020174388006182653e+00
9.984780900601274434e-01
1.000446311623751638e+00
9.941098803394022854e-01
9.936663954769695550e-01
1.012851952617600526e+00
