9.779124147606415018e-01
9.711992813358588661e-01
1.002157487450664464e+00
9.882553797751933988e-01
1.000344831433159998e+00
1.002936187032027693e+00
9.923747499575796827e-01
1.014688020034211213e+00
1.007524504575985969e+00
1.012744594848353774e+00
1.030009855502788341e+00
1.000777023163638813e+00
1.004168325583335797e+00
1.012503556317702724e+00
1.019498122848747634e+00
1.024780249694902778e+00
1.011717428440747080e+00
1.015266162927920046e+00
1.020526363545268378e+00
1.005181105023906785e+00
1.014846817160343528e+00
9.860443288176603538e-01
9.893857070076559346e-01
9.882877625993216064e-01
9.951150418362051386e-01
1.016474053292939939e+00
1.002275185522694789e+00
1.005790800077228875e+00
1.027378954530494770e+00
1.021463861522304839e+00
1.009203122124447294e+00
1.012743037345207320e+00
1.002523701993135452e+00
9.899092514337487492e-01
1.018824634689309505e+00
