9.761798439938138561e-01
9.908598947018752989e-01
9.977210803537046591e-01
9.977546320741057517e-01
1.003365584531487720e+00
9.938553042031809115e-01
1.007235590550077831e+00
1.009040554992585159e+00
1.019494237368184564e+00
1.016533449677652357e+00
1.012621047533037055e+00
9.961253939335898977e-01
1.009502294623542129e+00
1.011345329733704279e+00
1.021788528557253661e+00
1.018821077848077294e+00
1.015279136434834362e+00
1.012170585445071547e+00
1.009231066907094521e+00
9.970958269482959047e-01
9.935296647724476404e-01
9.773450108678223280e-01
9.904697110610100053e-01
9.879574099785060071e-01
9.981591040569481876e-01
1.000744793800292021e+00
1.010858395952991540e+00
1.007763380252891583e+00
1.010373949475219302e+00
1.002590458507901516e+00
9.958820581371145009e-01
9.928328965357249292e-01
9.885595321133988644e-01
9.956957868365995390e-01
1.012184326221412078e+00
