9.813412291211954797e-01
9.938476766172293919e-01
1.018199533971878568e+00
1.015078847093884740e+00
1.012625961899811022e+00
1.013766568079853325e+00
1.011771200322822084e+00
1.019145907124421324e+00
1.021427059342806531e+00
1.032924783877224861e+00
1.018894530544657950e+00
9.956462699656395410e-01
9.967414878356175567e-01
1.000929457459925676e+00
1.006253910488920544e+00
1.017580838015127664e+00
1.005306289646892726e+00
1.009543520330390409e+00
1.020907477449104483e+00
1.011256530193958225e+00
9.907970223960564926e-01
9.681898666335597703e-01
9.692548822675813858e-01
9.780095838239312167e-01
9.832121143840689692e-01
1.004299666632833654e+00
1.010142346587983964e+00
1.014399960600492090e+00
1.036156417683720798e+00
1.021447612310975916e+00
9.974308491237817709e-01
1.001634885885611892e+00
9.986480827829966600e-01
9.970180720093686499e-01
1.020298364056125839e+00
