9.669164959990128594e-01
9.695062667732344819e-01
1.002546114936527122e+00
9.858970803422975049e-01
1.004039464317915797e+00
1.001946574593536532e+00
1.007337942371037576e+00
9.984203732114890206e-01
1.004063647819191107e+00
1.009303497671770300e+00
1.035619364957399258e+00
9.994019822788615670e-01
1.021747566207718005e+00
9.958847362095665234e-01
1.018426433995104574e+00
1.023741238103013984e+00
9.964806492966173934e-01
9.967495570114837111e-01
1.001951237234354641e+00
1.005218643124825562e+00
9.990101576074005285e-01
9.640730616027294309e-01
9.856287277846904615e-01
9.640994376882862094e-01
9.859216801320175305e-01
1.011743119253380119e+00
1.000027359011061989e+00
1.000297223831924542e+00
1.026495160634557147e+00
1.026190152465158212e+00
9.973560594882560082e-01
9.976252034390736823e-01
9.900144133953866499e-01
9.923710928538587162e-01
1.028333682748920896e+00
