9.642026748560368343e-01
9.656577254798140997e-01
9.997872240976132252e-01
9.830747340377157251e-01
1.003175123144525394e+00
9.935986205208562350e-01
9.968567982770020208e-01
1.005253749224809479e+00
1.003270511572645463e+00
1.014718458479720642e+00
1.038851651754838734e+00
9.938100793572924863e-01
1.014019345388605720e+00
1.005467688519554814e+00
1.020543481421784859e+00
1.032188523767706645e+00
1.011730218282552940e+00
1.006433936455797040e+00
1.017917980028416602e+00
1.011410628315119409e+00
1.005257592446861636e+00
9.616725603088333019e-01
9.812283054255099835e-01
9.732722368712688477e-01
9.878652972431696266e-01
1.008677759156306752e+00
1.012061981428179935e+00
1.006763962862630146e+00
1.027974584078975795e+00
1.021068117253656427e+00
1.010537008988647623e+00
1.005246973464102078e+00
9.913867868711612186e-01
9.862121578489528861e-01
1.030909376391776711e+00
