9.722541214049099656e-01
9.857720222118795395e-01
9.990943257340499928e-01
9.888405522819567750e-01
1.009485472311386411e+00
1.002750703813824806e+00
9.963737116459023824e-01
1.009589551171091060e+00
1.003096468845957601e+00
1.012779006166003803e+00
1.024055714267786188e+00
1.003659692569155881e+00
1.007618173978162002e+00
1.010504739309103783e+00
1.014416800090876647e+00
1.024208608585887914e+00
1.006820087317072510e+00
1.006747224581979516e+00
1.016465001362793386e+00
1.009652648195627167e+00
9.908401060607674449e-01
9.711056365182209049e-01
9.749357231868388540e-01
9.837331023371700400e-01
9.875415195960697279e-01
1.004850248169974147e+00
1.013003184560047787e+00
1.012929874359332683e+00
1.030683586898787363e+00
1.017527089474662416e+00
9.991118625733461656e-01
9.990395576760878749e-01
1.002994751762295689e+00
1.003958996473981680e+00
1.024361100522020118e+00
