3.939738833141965060e-03
6.941179379966749483e-03
6.464657562219998377e-03
-2.792336290643496546e-03
-7.894031838008947963e-03
5.987904980909274436e-03
2.859641347720053711e-03
-6.327560997957297831e-03
-8.882589575414583799e-03
-4.414668666506140274e-03
-1.289447261866316988e-02
-8.503596263938904137e-03
-1.218160701461016779e-02
-8.509303085343885784e-03
-2.928636275906955355e-04
2.986464434084490881e-03
3.347226186420212621e-04
4.045141258281637758e-04
2.951181095736331826e-03
-3.938146848759389168e-03
-3.160956948052925583e-03
6.331614954036792441e-03
-2.924613161746674600e-03
5.849386314885059689e-03
4.808831919774756748e-03
-1.286405033316919549e-03
-5.790066397965971771e-04
6.366898292384953230e-03
-2.994404668932816680e-03
3.232927837790750859e-03
2.262164949866588698e-03
-3.701803062453138185e-03
-4.420375487911121920e-03
-4.683739982314961275e-03
-3.965167556856979275e-03
