6.776638892502075476e-03
1.554819788785685893e-03
-3.183136214361014654e-03
-6.191473524383702548e-03
-7.989793553056952907e-03
8.012731851993653079e-04
-4.389069489499148463e-03
-3.887930631018202479e-03
-9.950204107908450224e-03
-8.247366383150652597e-04
-7.123303601995141336e-03
-5.480903206515816244e-03
-3.871635560310634702e-03
-6.189024636767319863e-03
-1.023991946399945528e-03
6.023092288915755758e-03
5.570705617363941667e-03
9.080181785867575545e-03
4.816228337650578159e-03
3.913219364831634420e-03
6.229897111742471044e-04
4.063710135326822556e-03
-8.632982502879468084e-04
-1.382367298071380743e-03
7.743280822733056984e-04
4.365606036383447644e-03
-2.434099785777573549e-03
5.270574086592001023e-03
-4.372774418791580686e-03
-6.278900183580172351e-04
5.038281530490303084e-03
2.426931403369442242e-03
-1.532858068566568879e-03
-2.666392341879270621e-03
1.293397130056739633e-03
