7.549314012952393176e-03
2.071174142320893197e-04
3.804183302052920046e-03
7.931611505262191331e-03
5.570593312669284980e-03
-9.144200582565095020e-03
-1.155959549854098517e-02
9.560760224314492073e-04
-1.518797275786933770e-03
8.593017244840295277e-03
8.926467036409469619e-03
5.107216471683110465e-03
4.462059261545053834e-03
4.956674746450992486e-03
6.130090833691599628e-04
-1.802003983844789430e-03
-7.814464787641511173e-03
5.737785301216508354e-04
4.599234244961752927e-04
4.995951357019461948e-03
1.201972945379367391e-03
-2.562594267540851956e-04
3.346310583357823328e-04
3.190264735834630154e-03
2.974027275962068048e-03
1.100841216081618543e-02
-1.173809568587072874e-03
-2.518186835095050785e-03
-8.053612259427380543e-03
-5.084123476303057179e-03
3.087882381587542940e-03
4.128609469975876890e-03
8.442475519608177298e-03
4.432259648095520851e-03
1.183935984632204438e-04
