5.446223410303964452e-04
-1.765050365754566170e-04
3.071624429575313918e-03
-7.692891134728195926e-03
6.676762133645340602e-03
-5.230741826066712119e-04
7.776143501865446887e-03
-2.015495490079701607e-03
-8.438372955082221183e-04
-5.776814660157364445e-04
1.596349846718993909e-03
1.040301988273017314e-02
6.112553020598300579e-04
4.887582783033285472e-03
3.285133196774104800e-03
1.980531949991814165e-04
5.249141413320529415e-03
6.222017985678889029e-03
-6.975977088123164541e-03
-3.825810932166506979e-03
9.112735944871734953e-03
3.549752712509377656e-03
1.137577086636333903e-02
1.282445078963261390e-03
-1.108452007159942999e-02
-8.876899150487855411e-03
3.088771154192026906e-03
1.072378299563172405e-02
1.040289429400497942e-02
1.350756358040695534e-02
2.113475002202625311e-03
-1.562776010674903765e-03
-6.093118565712622378e-03
-5.521536839237072697e-03
-9.911942841993523490e-04
