1.092889344110708344e-02
-4.274389217941811266e-03
-3.823993883378696938e-03
-2.538296482363255023e-03
2.033533243133416740e-03
1.436368522413111835e-03
-6.093575229929596576e-03
-6.334022922095650619e-03
-2.688665214097148669e-03
-4.814689457190458703e-03
-1.001027471920632600e-02
-7.888194622468983758e-03
6.878580772167232522e-03
5.958537779332589643e-04
-3.626171155219056440e-03
1.663965118146200697e-02
8.659312094556182934e-03
7.133167001374686976e-03
6.206694983876518031e-03
-5.265084791753573031e-03
-1.174636745478488224e-02
-1.419611708354421090e-02
5.592883371151789740e-03
-5.261673348578854714e-03
-8.198000880715728203e-03
2.715254295152250575e-03
-2.239883274697564847e-03
-3.763160885958722387e-03
7.119028464333285698e-03
-2.809056237899188943e-03
-7.271528863217558390e-03
1.207416603418309982e-02
3.669358943211783585e-03
-5.748251251956401284e-03
2.656555839014916251e-03
