2.506235531597102162e-03
-8.722533942888821903e-03
-7.035369011946206695e-03
-7.470764210070755459e-03
-6.129841196749795731e-03
1.887085577428494060e-03
5.500432671605435739e-03
-6.564081195370616642e-03
-1.534031827550164182e-03
1.077503523116399645e-03
1.703613287696849939e-03
5.748604875374350304e-03
5.287833173208904280e-03
-3.220114233761727472e-04
-4.097043146576809583e-03
1.311585505191441639e-02
1.504203721514874373e-02
3.412918546297239245e-03
7.102044900796734145e-03
-6.096614078262155637e-04
4.518435548787839290e-04
3.155912129235324999e-03
5.723228371333453045e-03
-1.227539238572583277e-03
-5.437966159897767576e-03
-2.535843571060542034e-03
1.015478006049596107e-02
9.169722280353006377e-03
1.735234704018495666e-02
6.712453075779426306e-03
-9.127092514397262477e-03
4.661723408628453552e-03
-4.993112775634123840e-03
-8.142034734254309514e-03
1.512801450008267878e-03
