-1.181501538360860658e-02
5.257125595291112924e-03
-7.246349390061017359e-03
1.807991368205666156e-03
4.891438862696162460e-03
4.022938804023075757e-03
-6.519816171899285931e-03
5.990652617678098729e-03
7.425996534441300923e-03
1.842451546810365700e-04
-5.071898541374919751e-04
3.489461388097884250e-03
-3.568480687735122066e-03
5.330751623632337503e-03
6.374659717352571843e-03
-1.304920217487664375e-02
-1.108848216544687515e-02
-7.632354134136173571e-03
-9.280457711863468115e-03
1.268772014003316517e-02
2.941944372947955660e-03
3.855148120692835148e-03
-1.262282144600180428e-02
-6.807036629124841448e-03
3.291212222862075973e-03
1.072700013060339658e-02
-2.474903667792515381e-03
8.640365767965951793e-05
-1.607894947731250759e-02
-8.615061082708248483e-03
4.939315800589370517e-03
-2.877045678916593466e-03
2.025535390215489878e-03
2.378008475117196052e-03
-2.524572594014887726e-03
