-6.930863816200573055e-03
3.449750665832383711e-03
1.352893129520684086e-03
1.424473102066883476e-03
-1.377575096009621934e-03
3.943881443530160291e-03
2.507976753577660645e-03
-2.322025049818849697e-03
2.788668587203006061e-03
1.267854276802773961e-04
-7.524821671912190063e-03
-3.828901665320064672e-03
-1.373104378338645126e-04
-4.388109400490448377e-03
-1.771367340515628101e-03
-6.436733038502796475e-03
-5.775780192143596496e-03
-1.067736196808630536e-02
-2.764620132987945927e-03
2.223642963991977022e-03
-5.499544108146689828e-03
9.984240965219409736e-04
-2.088904103800630352e-04
-1.657641174960141489e-03
1.030680857560877309e-03
1.562690117632777043e-03
-1.258915178563180075e-03
-2.673688808992910441e-03
4.692691365562645829e-03
-4.668801234115793793e-03
-6.882060977537482992e-03
7.514296661758604681e-03
-4.324223074901063085e-04
-5.467287347107753492e-03
2.479431622140955763e-03
