4.936151186909628133e-03
1.369616011384446053e-03
-3.094854362988338353e-04
-9.663494996112152735e-03
2.640408684316981891e-03
2.966218098351824581e-03
-6.473622315516028292e-04
-1.009857694695707672e-02
-2.986979517224121888e-03
-4.445371184971659562e-03
-1.026677340740172160e-02
-3.051812546102939880e-03
-1.275457976912204756e-02
-1.025414309563023318e-03
3.618400979525634997e-03
6.532753273877006661e-03
4.598274391656859139e-03
4.501069236064704146e-03
-6.912370146314773811e-04
-2.766269737288379674e-03
7.663376000948776169e-04
-4.322605219035477453e-03
-3.400570209308728664e-03
-3.975308430178840780e-03
-8.685502700903499629e-03
-8.317908550682321517e-04
2.798021637907179698e-03
2.901385069473006589e-03
-3.303365053716573671e-03
1.314202976109495741e-03
-3.493196450207318102e-03
-6.933177546691986388e-03
-2.418972948431742133e-03
-3.596559881773144125e-03
-8.110764480033387513e-03
