-3.181063574755465910e-03
3.769264861367958765e-03
9.836982957081765594e-03
6.320375707386976724e-03
-1.588207533894079454e-03
7.898258010057097531e-03
1.204006171929692878e-02
8.061533441650689177e-03
-7.817806340117590402e-03
4.448060493676101942e-03
3.331639400448963874e-03
-1.010383701990079375e-02
2.158243187944967976e-03
-4.582850172776613620e-03
-1.819659008865187264e-02
9.479295739336732890e-04
-9.779848125403018538e-04
-1.439905840491752589e-03
-9.410662380978977726e-03
-1.619657602037704452e-03
7.805285544299456982e-04
-4.746364624638755095e-03
5.674850437639756412e-03
6.842340318199230560e-03
-1.028800684737081472e-02
3.062567844362706904e-04
3.168363968855371793e-03
5.612227330273895920e-03
6.136771465591207148e-03
1.527501788663790730e-02
-2.317250306883591321e-03
3.274664281172106478e-03
9.969047340800282070e-03
-4.761113668302115881e-03
-1.145549672793029147e-02
