6.567028303651964612e-03
-3.279880192158059204e-03
1.142862185926358382e-02
6.926783034404086076e-04
3.296429437702063855e-03
-7.652310160621686799e-03
1.335288440967290907e-03
-8.000862340730321640e-03
-1.622788177520883418e-03
1.039726025228097928e-02
-1.949222597511729785e-03
1.501789409728377864e-03
-1.266868176323104542e-03
-3.642975998921771374e-03
4.633654151531196516e-03
2.194598335188337884e-03
-3.526305114644327863e-03
-2.126512340518764334e-03
1.647810688429018856e-03
-4.311241799140663744e-03
-5.921781093110197597e-03
-5.074520220131743461e-03
9.469075379500070666e-03
4.489216422639750320e-03
2.029903017269541268e-03
1.409661650692001569e-03
-1.600670417403094944e-03
-4.527732573372425517e-03
8.069282605374508005e-03
-6.848993804335970492e-04
-1.744420011678241705e-03
1.107961467346960452e-02
5.252494843630829170e-03
1.182642144291088000e-03
7.009761974129863349e-03
