1.232543742083028714e-02
4.442368206992811271e-03
1.058937418269919641e-02
1.341543025251042305e-02
1.223131428425375256e-02
-6.144914024859391040e-04
8.654116755780807621e-03
4.728972766751969765e-03
1.714116220085428518e-03
5.292314981730909026e-04
4.880057564475678150e-03
2.978887113210689896e-03
6.580201924810227462e-03
3.911516363078021939e-03
-7.996362899816176345e-03
7.268577811351537195e-03
1.039017999391190009e-02
3.638979935071834284e-03
1.808239356661962664e-03
-5.617774477533293148e-03
-4.093004481041933630e-03
-4.810058964050252690e-03
3.754145854998998649e-03
2.269576261523463187e-03
-6.812246931559507584e-03
-8.739376660093655172e-03
-4.634066047622307193e-04
6.502794906393222739e-04
1.050534591383906445e-02
1.085151689877339974e-02
-4.981506353149634664e-03
2.229375858507639564e-03
1.461860748040422946e-03
-6.095192448551188524e-03
-5.327677338083971689e-03
