-1.005899253291387199e-02
9.112440738439780974e-04
5.343222149419186127e-03
-3.631769053365010297e-03
-2.585310847113071048e-03
-4.893158702922912467e-03
1.150465307447118626e-02
5.502605103471312070e-03
-3.718985591411986397e-03
2.612203823645677277e-03
-2.020479475888757592e-03
-4.673568040457258543e-03
1.836279171680711003e-03
-3.800455957808018120e-03
-3.481896017808079613e-04
-1.586339530968076256e-02
-3.897561607861870989e-03
-9.246183760775496252e-04
-1.119266727721278734e-02
-1.819774251929529019e-03
2.522533651320230802e-03
-1.177013119500209398e-03
1.081127037446491176e-02
4.128077038724236453e-03
-1.394647808032747210e-03
-1.378560795374842059e-02
-1.241624328228298213e-02
-5.847741151968184614e-03
7.838327142680586931e-03
1.142318270807515454e-02
8.873401093102490506e-03
6.468962471215148474e-03
3.485315906294916832e-03
2.304898962787692990e-03
5.288545527707922897e-03
