4.601073666127638954e-03
3.401298146387107812e-03
6.959408752765578431e-03
3.526073225074471008e-03
7.832373518634052484e-03
-2.636815037103722691e-03
-3.337004401392704850e-03
-5.977582194979748874e-03
4.230817650203583247e-04
5.174244843918165103e-03
7.422677202060377032e-03
-8.838949589836464851e-04
6.969672300631084803e-03
-1.752147579246335699e-04
-1.570288731099041095e-03
-1.437039517363191115e-03
-5.695339488030645193e-03
-4.902581753926581361e-03
-2.808218087486056939e-03
1.616134237539692750e-03
7.297902123373015137e-03
-5.314970331230592891e-03
1.040300782832219439e-02
-1.048179523793108274e-03
-5.876589024658624739e-03
5.874434208207147262e-03
1.076344435993640408e-02
-3.943791761107727500e-03
9.610250094218130562e-03
-3.935300924337696744e-03
-7.970952691099148293e-03
4.721239942488872007e-03
5.882925044977177151e-03
6.736283429944983289e-03
5.574598327456678146e-03
