1.224503590879243153e-03
-4.411146610985535940e-03
-8.570732474725852555e-04
3.346114220841637371e-03
-5.813304888446120533e-04
-4.551876652814612970e-03
-1.277858735066042181e-02
-5.437832594997790703e-03
-3.764906523624073076e-03
-2.645827340045890218e-03
-1.712703917433954642e-03
-3.475754652043175699e-03
6.126155736138479482e-03
7.847827713320949111e-04
-6.104156848948733699e-03
1.083773549050166991e-03
-1.069701051230859470e-02
-7.559443224960181451e-03
-1.959072443900219604e-03
-6.199900703558840036e-03
-9.469964749261126219e-03
-7.305570774184101321e-03
1.922968267824258157e-03
5.090400127041195405e-04
-2.176712139262486009e-03
5.580883357799918190e-03
-8.267479752507777765e-04
-4.262724781233714726e-03
-1.214599019524151627e-03
-8.228898055704252090e-03
-7.777082920322450459e-03
5.193032313526545207e-03
1.614710083329379958e-03
-4.341106114339512642e-03
-7.627838841423491278e-04
