4.527604267365775747e-04
1.026601520250992015e-02
1.752822429339221527e-03
1.274588311441161165e-03
8.142370808855117770e-03
9.289059501124288451e-03
9.170266886039772636e-03
-1.611594374509046218e-05
-2.669328355284972774e-03
-8.054773533456172779e-03
-1.325579030486918018e-03
8.066518676133312485e-04
3.748360538384363626e-03
4.452427653929789779e-03
-1.816768406134091490e-03
-5.241952746490544535e-04
7.870204883437127708e-03
-8.379438284496741607e-04
-1.035893873740351308e-02
4.584192397145241127e-04
7.665847860581841838e-03
2.930296261268133633e-03
4.226594656282424423e-03
-1.937120725586106464e-03
-8.684550903548048095e-03
-7.935980918371658699e-03
7.979596414382460895e-03
1.276503972402259074e-02
1.293474336816922629e-02
1.629202289525453692e-02
8.364440054057908219e-04
-2.980833964584893303e-03
-4.408997747139715984e-03
-3.948999304234340757e-03
-2.520835521679517643e-03
