-1.012472877119034676e-03
-1.180204973665242851e-03
-4.071386425618868030e-03
-1.579763604008186870e-03
-6.438384748498170683e-03
4.491178166378814555e-03
-8.882708663053776391e-03
-7.258363749960961703e-03
1.121108284899951721e-03
-7.259404197123240157e-03
-1.647419329835949145e-03
-9.352786980393306554e-03
1.034969197455331766e-03
6.517990346944798827e-03
-3.318225646809761301e-03
4.658910262925023381e-03
-5.823795114553942387e-03
-6.691073023071808859e-03
6.547020156279087510e-03
-4.368222745169614979e-03
-1.247860699493005127e-03
-4.094607205560378722e-03
-1.456653624155349394e-03
8.884988669824098878e-03
1.540395497680222079e-03
6.114482632309351656e-03
1.010212258650382798e-02
-5.982717098914442852e-03
-5.893757156374829220e-04
-3.485826601008931019e-03
-1.169769768167067472e-02
-4.577015669831959246e-03
8.611373130214863489e-03
4.387142003747596108e-03
-8.801246796299226627e-03
