5.442707876584797558e-03
-3.168913218434269569e-03
-4.485912519156311576e-03
8.149468931046878473e-03
-5.409776039291817884e-03
-2.384464957110917632e-04
-2.423854255261695054e-03
2.175799868452822639e-03
-7.761023807299371156e-03
5.935602048579149276e-03
5.017118356934907944e-03
9.250041985339230860e-03
-7.584367419779663999e-04
-1.289417297204635202e-03
-1.344655094078319943e-03
8.373174599307975363e-03
7.504766140479414080e-03
-5.309611860092578427e-04
3.091460108577244285e-03
7.252601349301193018e-03
-6.301263792546240097e-03
1.149090480619678091e-02
-1.339381819218115645e-02
-3.655537770691288935e-04
1.221458987626037641e-02
8.121009808129752566e-03
2.602871992770993542e-03
1.677261929692750939e-02
-5.358090865692484092e-03
4.047752254833040901e-03
8.592168581673872985e-03
1.600469496662749319e-04
-4.603857233964716786e-03
-5.577578722482642859e-03
-8.136745388516511412e-04
