-3.075036186328011789e-03
7.655288987810268155e-03
6.826365173449182137e-03
4.007844050863271917e-03
1.202527957594727234e-02
2.427967037469691905e-03
8.995884619522807185e-03
-3.331170817969209344e-03
7.432398344073929720e-03
2.638676658416522214e-03
-1.051337177595151537e-03
9.896946959709516933e-03
-9.816787067280036139e-03
3.240861261418359444e-03
1.036846051755448139e-02
-8.302358136668588906e-03
-9.055167402543858740e-04
-1.041405105516049132e-02
-7.667917418201355279e-03
3.467600472777608231e-03
2.596107759351845568e-03
5.526956371572511878e-03
-6.998265944694123317e-03
-1.958053141079732495e-03
2.351024992470480968e-03
-3.929240923636594801e-03
4.707800677843748845e-03
4.892515653105280853e-03
2.510268370211982125e-03
4.804347536867239511e-03
-3.951086444886548529e-04
-6.126773231268360653e-03
-4.017409039874636142e-03
-5.798236197501853428e-04
-2.689187811143911588e-03
