-3.873770630258751776e-03
-8.621851597078879215e-03
1.803163027609012287e-04
-9.627968915486085147e-03
-8.880872649094991023e-03
7.938650337011351338e-03
1.197733325822905766e-02
-8.428763678299354759e-03
5.013369208087510055e-03
2.632283177705278462e-03
-1.180594778334296581e-02
2.726034093575739614e-03
-1.160043041652991831e-02
-4.124838298284540759e-03
3.439902534576923417e-03
1.268673130383147704e-02
7.923246325209404653e-03
-2.674565393072021388e-03
1.002047122692375017e-02
-6.169884722134501981e-03
-1.079983046493575988e-02
2.985055145591853157e-03
-1.792145198282931937e-03
4.936350653571352359e-03
2.692806268185830160e-03
-1.406399743512427858e-03
4.561466231967740287e-03
5.651315222499580897e-03
8.805666519998494104e-03
2.839125751857006844e-03
-1.000223035180994140e-02
2.837800544518325092e-03
-4.218589214155002778e-03
-1.109207934234178114e-02
-4.035689583668454136e-03
