7.007257299047445903e-03
4.285823776779195890e-04
4.072619049874225822e-03
2.298659087380968552e-03
7.287439973494620575e-03
-2.942236958759566513e-03
-7.415788969202022872e-03
-1.186124112950089592e-02
-1.259283019153140592e-03
8.311704067863424569e-04
3.089553782341138144e-04
6.299132372102153599e-03
-3.910948374167206795e-03
6.686405746504421946e-03
2.288579422345700734e-03
3.636437962609959801e-03
-4.481150720028804525e-03
-7.152642917834419432e-03
-1.539465693600316348e-03
-2.812866265409963776e-03
-1.561121331468936016e-03
-5.597252237145473874e-04
-2.136988411673949526e-03
3.471584822884026325e-03
-2.700201463767951289e-03
5.304722417228800550e-03
9.227959548975442350e-03
4.616178432495728762e-03
5.345037861316653816e-04
5.298997964555390155e-04
-8.313378688002054373e-03
-3.388733345614977285e-03
1.218443781188609937e-03
-3.701597571522339918e-03
-8.308774698325928007e-03
