-2.941909219454736865e-03
-2.895716320568811515e-03
-2.243890689709701798e-03
-3.158495897841138988e-03
6.526278726192744767e-03
-5.681319388308699210e-03
-1.533645435015940084e-04
2.494853683199720756e-03
9.074577629557894001e-03
-2.051832558123620198e-05
-4.674913540225235364e-04
1.068810784376711918e-02
-3.175448861351855279e-03
1.181646858645184900e-02
5.380958079854432016e-03
-5.727512287194623693e-03
-8.513830732466273407e-04
2.711440361586121145e-03
-3.936103160895884981e-04
-6.723439564403450516e-04
-2.047117767501969304e-04
1.266112797005562035e-03
-2.260843653220418956e-03
3.046299170549401567e-03
-4.303816544179451739e-03
-5.548473170388341404e-03
-8.643664425530942635e-03
-4.067789174099474027e-03
-5.823667088053167441e-03
2.588526413392362290e-03
-1.198765866503742313e-03
-2.728475832910566209e-03
1.107842417103495347e-03
-5.774641117935210705e-03
-9.610959367949272261e-03
