-5.315959281038026493e-03
1.213459983601547281e-03
-8.571432582281685031e-03
6.248718204046603726e-03
3.577391853674782851e-03
-3.157649725077016009e-03
-3.358200676394917927e-03
-4.599615616385888117e-03
-3.887157698341635846e-03
-2.754143824095361959e-04
6.960300715608677344e-04
2.397932163464011612e-03
6.942880733883634650e-04
-3.341506543839319228e-03
5.873902669646489591e-03
-9.687068989716590001e-03
-1.027273751512602570e-04
-1.616429310147051920e-02
-1.278050883305444606e-02
9.509478183473696333e-03
-4.339228148884188493e-03
3.400029339077625945e-05
-1.412586271293992529e-02
-1.549033097979578624e-02
8.545229020018309599e-03
-7.486343109163341031e-05
2.137995962869739842e-03
3.127440136728631449e-03
1.935703013379333221e-03
-2.812549521892601309e-03
5.161444751602238187e-03
-2.771563805820404652e-04
-6.014853089712866169e-03
4.172000577743346580e-03
9.909697286874172284e-03
