5.399434364934924992e-03
-4.048400770784738728e-03
4.914783975625581017e-03
3.746429828740215247e-03
1.570547576531621317e-03
1.777752337140010852e-05
5.087064932039078377e-03
-2.771483994236978270e-03
-3.390444735365714772e-03
6.432902628322028846e-03
1.132879385318772206e-02
-6.242130575209144452e-04
1.885303108347215380e-03
-5.268738670329621045e-03
-3.970371964238235581e-03
9.465612659091062961e-03
5.571715321348420617e-03
-1.118479458042267657e-03
4.384420530375897698e-04
-2.530282118088291766e-03
3.533963253662767215e-03
-6.243161404837274490e-03
3.053657255232581150e-03
-1.924502271235661345e-03
-1.794489712029641651e-03
1.363615219654350577e-03
1.411805537079609783e-02
2.784009201216198701e-03
9.743852034623270292e-03
3.208770997075170370e-03
-3.351411223109498211e-03
-3.010588116518476964e-03
1.788377015513321162e-03
7.982634946470400922e-03
3.183669814438601278e-03
