-1.065086947388775573e-02
9.401905041703344235e-04
-2.369601332400245175e-04
-1.175287620884697508e-02
-9.180637607466173022e-03
2.429999500188588860e-03
-1.735683126706522028e-05
3.107530441420628189e-03
3.940722210774363909e-05
2.159625538185322782e-03
-3.703296864339671035e-03
-3.374922298966308992e-03
-1.950858204085959696e-03
-1.259669258553204607e-03
3.475509882054663574e-03
-9.161060477869501298e-03
-1.043126617191479644e-02
4.209537176379845799e-03
-1.430824644313840807e-03
3.336776175595681723e-03
8.989769848677636732e-03
6.745905812670197586e-03
9.565057871520989130e-03
7.684008215672942163e-03
9.032712806738615180e-04
4.606981869640976862e-03
-4.380827805571709498e-03
-9.843300208854620370e-04
-5.075745476773652239e-03
-1.316433311928013467e-03
6.543633101367547257e-03
3.912064198439034121e-03
4.274878578598426300e-03
3.147135316681300664e-03
2.784320936521908051e-03
