8.963037350755622551e-03
8.456569913036504627e-04
9.654235297951568526e-03
8.657633620666356500e-04
5.190113765437593188e-03
6.427109957337874199e-03
-4.952505088493443751e-03
1.282428425062616568e-03
-5.259068178623580760e-03
-2.622951483288091939e-03
-4.556198731430087523e-03
-4.192763963275325349e-03
3.817266340125215901e-03
1.015240617918388918e-03
-2.965674325452286389e-03
1.454449031678984629e-02
-5.643703035689390593e-03
9.379702413751602602e-03
-1.486144593305550529e-03
-1.143152978993601000e-02
-4.576305102193072710e-03
-8.537220737409267207e-03
1.260573827601014878e-02
5.479362150432364256e-03
-7.290024728823242192e-03
8.756663562543228613e-03
5.884828008451709752e-04
7.493414172686131344e-03
-2.417667173430844418e-03
1.321803708048524192e-03
3.575822278233910939e-03
5.750513588267211484e-03
2.585053097905622328e-03
-3.329109093607048563e-03
-1.636486032454585390e-04
