-1.245547984020354410e-03
3.267620445608872444e-03
1.068777995824212595e-02
7.692713596185526623e-03
3.267022665310352018e-03
-1.935122553934781782e-03
5.393623324402692376e-03
3.253497786757799477e-04
-5.620347155683321633e-03
7.299391326515109781e-03
5.548271327184508455e-04
-3.881656686825965281e-03
-2.058490920170968561e-03
-6.892637153572304248e-03
-4.630511699388759062e-03
-6.448290983564007768e-03
-6.539704617859789723e-03
-8.612911801530100109e-03
-1.013291780501402936e-02
-1.207681861181443810e-04
-3.870266017858202574e-03
-3.881058906527444854e-03
9.365754418856325064e-04
5.281201393594701227e-04
-2.048207685135857575e-04
-2.935455182236351018e-05
-1.705645199892110234e-03
-1.964320850774241289e-04
3.009782625555943759e-03
4.121333326513709761e-03
1.315185234970342627e-03
4.686073273625690483e-03
4.288410859768769512e-03
-1.940278798443434774e-04
2.036345340125766262e-04
