-2.988551058981236876e-03
9.472883911003350532e-03
6.213612110684603278e-03
7.777751548774646667e-03
5.927292955293250558e-03
4.086149885985928577e-03
7.101657972345449751e-03
4.251968672980511663e-03
3.335388757722938108e-03
-4.454871958525914027e-03
-1.604040520623446417e-03
9.258422686866619664e-04
-2.047246833941848698e-03
-1.995656153237317966e-03
4.769289848996076907e-03
-8.375285083998658398e-03
-2.100505197320389969e-03
-6.514333934775372315e-03
-5.580455256551549760e-03
-1.195600158207167640e-03
9.109184160525777337e-05
4.471433224396761941e-03
-3.611386272031891654e-03
-1.709336997845964379e-03
6.619748442477472149e-03
-7.470380044885436069e-03
-1.769859307618028418e-03
1.676603396949652653e-03
8.024424654230898242e-04
1.770613061385194545e-03
5.685869764253649594e-03
-4.898078271844317176e-03
-7.376370380449893960e-03
2.239407059685968523e-03
4.717699168291545307e-03
