3.441657449109181144e-03
-2.803286513695956751e-03
6.536451909532750744e-03
-3.051241452894253026e-03
-1.527403230849958514e-02
-6.872539636571428807e-05
-1.988891989109439762e-04
-1.178614881681593757e-03
-5.690205269560254589e-03
6.320615975624471750e-04
6.357734285476852529e-03
-1.142952627976808085e-02
-1.493667136898128855e-03
-6.893307077386169948e-03
-5.974924844855835845e-03
6.176218566439423824e-03
-3.293683659334513576e-03
5.314284020321840413e-03
1.302548448804851169e-02
-8.707676825666262055e-03
6.605689224675147936e-03
1.041219515035548410e-03
8.094026225528874047e-03
1.491717714064616507e-02
6.247866010749496268e-03
7.622254001076762125e-04
7.467623770792731347e-03
-5.808046406573538593e-03
-5.139414541274790749e-04
-1.401991006736858468e-03
-1.463334456977175447e-03
-7.219339824812532475e-03
5.168280799944358073e-03
1.181233572038909406e-02
-5.752849043677964874e-04
