-1.195135302360903623e-03
1.008126092739973501e-03
4.325147993666665115e-03
-4.274701959260893483e-03
-5.015484471559751058e-03
5.624261531509775619e-03
6.818563193321825269e-03
-1.320654105835154107e-03
4.060922374509021680e-03
-4.991509013543594941e-04
-8.199537958087097303e-03
-2.228061598957735770e-04
-9.882954899578631422e-03
-9.607809797310483402e-03
-7.657989134430918249e-04
3.421000136408898495e-03
1.298279897294256531e-03
1.758912551064837487e-03
7.881271543707869115e-03
-3.816172802281051542e-03
-2.916709906086230319e-03
5.800804404403950981e-03
-1.283104946651073691e-03
-2.671773320840689636e-04
-2.501640114423511752e-05
-1.693452563166409144e-03
-1.254622320742168444e-03
1.340532997104980795e-03
-1.743737600421652913e-03
-6.850168978497680680e-03
-6.147375393787266745e-03
-2.182567842845893613e-03
-9.884154538769070186e-03
-8.742530711634416418e-03
-1.040944015711238978e-03
