4.520551260373437477e-03
2.946103472520689073e-03
1.391128739013338181e-02
2.002531190754457471e-03
6.488554660060570980e-03
2.510343054194269681e-03
1.819289351605247324e-02
5.632194485252197021e-03
3.250238869084814443e-03
1.767262383691606611e-03
-4.916126334597176184e-04
5.114836305019666851e-05
3.553113310773656913e-04
-2.165237035830727685e-03
-3.764869865444490926e-04
4.084790842047018519e-03
8.802157386292527169e-03
8.150214554871177894e-03
1.282235469397681807e-03
-9.197921533921085691e-03
4.519596483065144166e-04
-3.491302824489684806e-03
1.226406753045629003e-02
5.257495694242084877e-03
-4.862510455850562602e-03
-1.391528807816659608e-02
-3.613464064517646693e-03
-6.887474518403480933e-04
1.291601036187764104e-02
1.277741761113693024e-02
2.005468629622932618e-03
2.614186348228689921e-03
-4.491230151893177425e-04
-9.192479830543651143e-04
2.144061380363642116e-03
