9.006622550077713132e-03
1.821808843569678801e-03
9.224691747122112581e-03
9.232372876628487657e-04
5.054779054798284529e-03
4.220892224670645329e-03
-7.166024315204297564e-03
-9.476673479923106158e-03
-2.272423489973699612e-03
-5.545683466211826125e-03
-3.981589955946713069e-03
-4.189684503475673422e-03
5.993493741560246280e-04
-1.064802492215115824e-02
-2.527782184592144640e-03
1.140570593117868139e-02
-7.384093512248696145e-03
-1.393288217508240057e-03
1.679420005305732461e-03
-1.294856636976426077e-02
-3.083018400039883034e-03
-7.422654714704279150e-03
8.900803833615286709e-03
-6.478112229827330190e-03
-6.659323951727578669e-03
5.841233073663116768e-03
9.715975748647038418e-03
2.303631211168671086e-03
2.909998538874831488e-03
-1.554162574738175706e-02
-9.732032174541551187e-03
-9.647441361090892953e-04
-1.200402388488731181e-02
-2.319687637063184288e-03
8.719592111715038230e-03
