2.519608063974360969e-04
-3.249764244299292205e-03
4.605033229674898587e-03
-1.000353112242393164e-03
-6.693924782791661754e-03
-7.718370828860791205e-04
1.449528748654253449e-02
-9.383824821171124833e-04
-1.348715720287892161e-03
2.217841637132809962e-03
-8.962301763413057371e-04
5.663242533978901649e-03
-3.790455199438987760e-03
-6.683201099151641483e-03
5.103258238131546005e-03
2.729887967810648748e-03
1.014221506326507156e-02
3.139314365227172110e-04
5.597169868901206990e-03
-5.636955836841381698e-03
-3.145641308398203911e-03
9.107403072471272065e-03
1.814931142478303991e-03
4.615756913314918858e-03
1.079682990868081546e-02
-1.304928293229580365e-02
-7.296847771102728079e-04
6.240121171380713823e-03
1.164321476922065834e-02
9.160802107678785167e-03
5.513591476302325683e-03
-6.763833859648720609e-04
-1.012860199599773144e-02
-1.456214472188661815e-03
7.996004137844198861e-03
