-1.162203667165891130e-02
1.245275207844552881e-03
-1.086589172746853932e-03
6.015873212946307863e-03
1.067783050202411772e-02
4.583863879555512277e-04
1.350948450973284316e-02
1.157615766800829810e-02
1.050211065477106055e-02
5.826232654194910682e-03
2.406295735062667987e-03
5.324011293950487236e-03
-7.237797405922500281e-03
1.952655111777551813e-03
-1.718060506814224689e-03
-1.240892549154791295e-02
2.974037010820784060e-03
-6.061752216596921067e-03
-1.179775651891197021e-02
8.158097034786317495e-03
-2.364302270039086995e-03
-4.108544000229075871e-03
-1.434025979161566294e-02
-9.811764562993418107e-03
-6.380017795892034549e-03
-7.224865467582381254e-03
-8.711475544990080616e-03
-4.719712972865020353e-03
-5.304470564197956949e-03
4.960028966739336159e-03
-6.440134935769854102e-04
-3.817860486790257586e-03
2.454876472021975259e-03
-4.635776065702045673e-03
-1.090851302451427765e-02
