-2.555936649171643930e-03
7.977898194178925304e-03
-7.399854255152422608e-03
-3.127701623572677419e-04
1.603814152620666039e-02
1.030876103301801502e-02
1.954045739342828367e-02
-3.022108762411099877e-03
1.146785823393648915e-02
1.951731546304115439e-02
1.791947673698794305e-02
-1.115686022466070258e-02
-1.545669267174049066e-02
-1.416430147895370419e-03
5.843934886539052900e-05
1.541400626583328687e-03
1.945640582541236993e-02
1.351893078469476421e-02
1.695026106271995195e-02
-2.649372677587573334e-05
-8.257162677780790008e-03
