1.045823300409292819e-02
-7.045117224069911109e-03
9.530802516438140193e-03
5.603129360925798892e-03
7.636591934512554228e-04
1.329359780811375201e-03
-1.290227656203520035e-02
2.473867658732319379e-03
2.104305109598449998e-03
-6.168500585567201870e-03
-1.296499704647498990e-03
1.393910470340432861e-02
9.311242183603005151e-03
1.831194222541417766e-03
8.797558769901644635e-03
1.246571688405823369e-03
-1.344466120926506546e-03
-9.085337694610411477e-03
2.130202133156541659e-03
-4.448984338039057261e-03
-1.004588143738921208e-03
