-1.267191606403799894e-02
6.393563427262896615e-03
-9.497799634731116103e-03
-1.209002643207615635e-02
6.249927087011069096e-03
-6.450582946455138932e-03
1.519170886104214378e-02
-5.447735167771995506e-03
7.622059347227441500e-04
9.293874235562982894e-03
-2.659539531512131877e-03
-7.952712724982661380e-03
-6.506256601109995305e-03
-8.572400018551182277e-03
-7.830777165630525491e-03
4.005638036023752562e-05
3.941778938399219390e-03
5.773250781851716786e-03
6.739523102557307133e-03
1.514605187336476441e-03
-9.260607498889284611e-03
