-5.842088454015821955e-03
-1.425754290386873995e-04
-3.563939235511583668e-03
-3.248197983605512879e-04
2.007292960893804126e-03
-4.169970512826822948e-03
-6.115502358631471833e-03
7.535274813795351211e-03
-1.729080734405746096e-03
9.657372783115292236e-03
6.563556803885161467e-03
6.015749975501791897e-04
-6.702060541221149630e-03
8.140521007610590498e-03
3.398601450653164751e-03
3.423364591832068950e-03
5.064042342267895819e-03
2.883430110782644971e-03
-1.236367928480766598e-03
1.485600909166066115e-03
1.973962436319447969e-04
