6.312142141608850267e-03
-4.738130549737367726e-03
4.237555085740614749e-03
8.214616429871457112e-03
5.966841203880210096e-03
1.007327324921027632e-02
-2.087235340590595442e-03
-1.228930064564584621e-03
1.155670958621417624e-02
5.204624243379958040e-04
8.951244873039018377e-03
1.540279559281585754e-02
8.000241891115381088e-03
1.198740017868019439e-02
9.552335620324063289e-03
1.354109860842750857e-03
-2.826912613290492610e-03
1.642954200194336441e-03
1.569491114133968234e-03
2.873897437257207262e-03
1.140757719877780272e-03
