5.311964845376940074e-03
-6.377506884879609490e-03
1.225959345631933220e-02
1.338026942991694772e-02
8.649020650236855130e-04
3.093456900681230189e-03
-9.183236198659447402e-03
-1.774905331946429561e-03
1.032935572593800732e-03
-1.191782699042400959e-02
-8.348349141445506050e-03
2.052418591862743488e-02
2.525820898640199208e-02
6.783277545326774939e-04
7.936931958010675497e-03
2.198179496714014729e-03
-9.691078103598796747e-03
-3.417531680263751273e-03
-7.227534191684357491e-03
-1.060882395261189028e-02
-1.868488310919264473e-03
