3.325086088301113484e-03
-1.219151206973731819e-02
2.741847253470652834e-03
-1.549722693887420084e-03
-1.294291970552412588e-02
-9.328220025732986836e-03
-1.429209456715918765e-02
-4.994385445815996590e-03
-5.731882029661118823e-03
-1.292189157298360286e-02
-1.323463660287871151e-02
1.038148267039335805e-02
-2.136797974810523276e-03
-6.189240230784597528e-03
-9.016144796197425940e-04
-6.937397287403963136e-03
-1.739747087642873336e-02
-1.554582193124681537e-02
-5.267041275498225879e-03
-6.993714560513472275e-03
-2.489457169157595524e-03
