1.853774565340299404e-03
2.237243721462883013e-04
-7.177226814639281471e-03
-1.046936867569539693e-03
-4.791944108579243057e-03
-4.624963122143958306e-03
-1.177289766457433528e-03
1.235013822530339062e-03
-1.147889003570617570e-03
-5.371130362478381513e-03
1.663633121370860059e-03
1.888108314338718136e-03
7.899605646323944533e-03
-5.031784424470621929e-03
-7.518015849575219491e-03
-1.924483586386432519e-03
1.059703675573120830e-03
3.358915560108654413e-03
3.353297374660251747e-06
8.744013993553712743e-04
-1.649787419698806740e-03
