-9.216356474365517554e-03
1.205693333968382158e-02
-1.227559196479190151e-02
-6.710649443139409670e-03
6.737556241352022149e-03
3.256532582788330098e-03
1.434242599784876608e-02
3.905151754059998622e-04
3.858600160746791970e-03
1.737838581778442318e-02
1.109531396114422572e-02
-2.038864386094556280e-02
-1.625960602924557061e-02
-7.641402148150649130e-03
-6.011732169692485424e-03
5.691727949332769237e-03
1.148832653423173360e-02
1.170322288226016694e-02
1.331089524665756731e-02
5.579072625437291391e-03
-5.252390999079320152e-03
