3.847254016270537907e-03
6.487132594300267039e-04
5.938095190955092022e-03
1.720222001258458339e-02
1.333043580584944432e-02
1.358777050984958691e-02
-4.211013633959545879e-03
9.106362010193111553e-04
9.283579570695177016e-03
7.903418185570719109e-03
3.302131745080878322e-03
9.780560097903880090e-03
7.670798090100780509e-03
5.423358796458456130e-03
1.406016553531951215e-02
4.004720624506251207e-03
5.744921285058403153e-03
-1.703111661498811448e-03
-2.836815009279807301e-03
2.903540844209800617e-03
-3.060890942809618709e-03
