1.778896631697898453e-02
-4.733803727725654879e-03
2.379208575986705917e-02
2.105779773894958171e-02
8.471936915256914752e-03
1.336785143187114305e-02
-1.497345603175224624e-02
6.210236857120163094e-03
7.073014724023518086e-03
-1.385417896459877366e-03
1.149478427561443500e-03
1.938168890502761990e-02
1.423200596813425228e-02
1.416181666541401971e-02
1.658285788380986503e-02
5.858729223922816941e-03
-6.393681808200673070e-03
-5.317017856312804790e-03
-8.123801562147613120e-03
-2.733271560627444433e-03
5.508923599983389131e-03
