-8.752359701627073635e-03
-5.141894772217670603e-04
-1.058444227801886954e-02
-1.478075886485973045e-02
-1.117167734420039700e-02
-1.051009873125917371e-02
-2.412699249482448943e-03
-8.918920722214612653e-04
-6.265359296472681333e-03
-1.417219385142029671e-02
-1.093837663709827136e-02
-7.640253300608513404e-03
-1.428392621890502839e-02
-7.549957425558002401e-03
-9.956502031929662794e-03
-2.036691048655538561e-03
-4.290531930521198495e-03
-3.300578752206612294e-03
1.658223316573374188e-03
3.010990875047352567e-03
4.137088494995886864e-03
