1.884757012993508105e-03
-1.990638252301988632e-03
-1.237469129652106481e-03
4.507779837061553704e-03
3.168971016151103486e-03
2.749752602223811022e-03
7.053498175811585835e-03
-7.396615360587425851e-03
-1.200971059310651338e-03
-1.254082479205659642e-03
2.898528832363719658e-03
2.189537645062993986e-03
4.048428594339454354e-04
-1.174413653642558284e-03
2.051725640428650986e-03
9.305595095232016990e-04
-5.603834573403116900e-03
-3.900972890593065387e-03
5.539771951256781436e-03
-1.162173456904483501e-03
-4.045389569146348903e-03
