-7.646318225946456895e-03
-5.522510954928421499e-03
-1.032288181976506215e-02
-1.610619840937685746e-02
-5.246635796533368271e-03
-1.144496142524267790e-02
8.690835574670000008e-03
-5.956443785976664462e-03
2.968741675833183689e-03
3.092360732853496798e-03
-5.022137615941577992e-04
-1.245268102545832659e-02
-9.248399013481144182e-03
-7.724987182335267544e-03
-7.545238647835138951e-03
4.613943662669183973e-03
3.127023425719964098e-03
3.797098042507628763e-04
9.592694436520384643e-03
1.018260985212408615e-03
-1.564671477178113113e-03
