4.782207395017439022e-03
-1.393782167561136501e-02
1.908517768972864100e-03
-8.785697545814135506e-03
-1.678308379785378029e-02
-9.985325075925683899e-03
-1.527837162151962289e-02
-5.676976139740531890e-03
-7.031453031298823785e-03
-2.461653264576547234e-02
-3.004156477944270806e-02
1.577761404821851482e-02
4.953234930886285525e-03
-4.023877003924009044e-03
-1.737708669874574348e-03
-1.006215371722455308e-02
-1.233386728134979252e-02
-2.332336912466662776e-02
-9.491053388937773644e-03
-8.092934607497718341e-03
8.228338770722593573e-04
