5.869470204826360629e-03
1.033064652616227583e-02
7.842366124851790285e-03
7.171664087975746817e-03
1.758419814577944981e-02
1.191239255991733553e-02
5.005798662366311644e-03
1.796390883449973039e-03
4.373818312724700105e-03
4.021836806224893257e-03
1.271968448873631377e-02
-3.011354583917157188e-03
4.617161063678917876e-03
5.238056129537471510e-03
7.379087382468371530e-04
-1.248383502891779913e-03
1.133818186764665517e-02
1.447304631779571839e-02
1.102378935986353219e-02
9.628311254974875055e-03
-2.386672389088009046e-03
