-8.459054194832586401e-03
6.054952248715436865e-03
-8.594014654880953799e-03
-1.434701988857803832e-02
-5.688288045212445444e-03
-6.346857294562310327e-03
1.991344080848294826e-02
-4.183361230833106126e-03
-9.731817181198703639e-04
6.517195978360356204e-03
3.682744476801897392e-03
-1.463118938022499142e-02
-1.531490720525439768e-02
-1.451472428816485971e-02
-1.579225427864346110e-02
6.798973946249438870e-04
1.423452046285622954e-02
1.622944302797729244e-03
1.054403495171280826e-02
2.731423923686106519e-03
-4.628941213588100463e-03
