7.383987494403136329e-03
-8.028697191431949723e-03
6.780317463102030796e-03
8.403703720974157326e-03
2.688500514927080060e-03
6.636882232419829240e-03
-8.636045793333010576e-03
9.511497574845797099e-04
-2.163419987789993656e-03
-1.088696050385975882e-02
-8.736898815040260863e-03
1.561028783973334583e-02
1.204333142290695859e-02
6.829267075340827303e-03
4.715375315943327872e-03
7.986496195570614871e-04
-1.121512055017009207e-02
-5.624338437198017800e-03
-9.586838766357711969e-03
-7.955846125321647949e-03
2.924389771092804086e-03
