2.668292038649011460e-04
1.130902618633974378e-02
2.861244529800760321e-03
8.217484428613752723e-03
1.583486032972738697e-02
1.864403714672312803e-03
8.100287763020106585e-03
-3.013009946329522860e-04
5.706764535039149724e-03
1.240953522802134765e-02
8.123853237000157670e-03
-1.412910104484768267e-02
-3.244906301227584201e-03
7.020687826587362207e-03
-3.700448421095371416e-04
5.335721573231757067e-03
1.250612444590410224e-02
9.691267028638671233e-03
4.441927039761778967e-03
5.463387872510409513e-03
-8.589498535200641716e-03
