-1.556027833521817991e-02
1.584972847257700920e-02
-1.302781826836669349e-02
-5.055128360302508193e-03
1.332234055876796788e-02
1.395094064458845748e-02
2.135101427488131712e-02
3.443704140695465384e-03
1.584837212433485784e-02
2.525084984062113749e-02
2.692590813269356634e-02
-3.377070544386661516e-02
-9.400203758408330265e-03
2.975217189662271184e-03
-5.617773419400538121e-03
1.058489373170986257e-02
2.432967935124590378e-02
2.230519087249789242e-02
2.021374809075118795e-02
1.520561304708294668e-02
2.804104840396816887e-04
