-8.602429528820656731e-04
5.618878982653601611e-03
7.732632513594206360e-04
4.039089889333891299e-03
5.352051899020333035e-03
7.454931057244500517e-03
1.163162654497640466e-03
2.846966187843033482e-03
-3.672099740065727300e-03
1.246101305594900233e-02
1.189256586380134893e-02
-8.003265456371196768e-03
-4.937989769714628240e-03
-4.866442700019156693e-03
-2.051105623750736941e-03
2.990412255564934684e-03
5.274818719221779917e-03
9.079599969349091276e-03
2.007250083074804767e-03
7.433462407129036919e-05
7.976781827870657940e-03
