-1.083386806498687523e-02
8.929564726915804537e-03
-1.229493093514764761e-02
-1.047431956335053913e-02
1.402021775587738300e-02
6.997208556837850556e-03
1.856829748954177614e-02
-4.529367774207986638e-04
4.684696495303001217e-03
2.057938386160336475e-02
1.281559215026497472e-02
-1.560023413055367653e-02
-1.258532109694451839e-02
3.769998923126425226e-03
2.128566204431067265e-03
1.321460470442748338e-03
1.811561073293793331e-02
1.906933333208972459e-02
1.461158241964929071e-02
7.863718322877905412e-03
-7.788808112482624273e-03
