2.899147279069498335e-03
1.156632264356402540e-02
9.125446541275181525e-03
8.753642144340994732e-03
9.612971019130542305e-03
1.489168738102326049e-02
-2.954861307164385106e-03
7.471574470050235638e-03
4.767905692524642899e-03
1.272969695300735227e-02
2.267037060397788031e-02
-1.982489714333292210e-03
1.069680401050981250e-02
9.622806043574816739e-03
1.382747539223029565e-02
5.454428257260723889e-03
2.893820212918028767e-03
1.109025213369856794e-02
-6.378468531132952708e-03
8.090700348459819308e-03
3.560655855078493932e-03
