-2.141101810991264450e-03
-2.831877201839468755e-03
-4.907663751993171335e-03
-1.651829246175796385e-03
7.573943464897293920e-03
-1.532058553069349420e-03
6.316481908199241165e-03
-2.337979563323986862e-03
4.561891614689694320e-03
1.201370436326952736e-02
7.896483231416536255e-03
-5.018023508913268226e-03
-6.235741013538351370e-03
-1.455420462764133241e-03
4.053562961697869507e-05
4.087004912603717406e-03
1.279056259512457820e-02
9.674737571025975730e-03
5.314824336905883510e-03
6.806176439610869128e-03
-6.817422595620942390e-03
