-6.634063836689968387e-05
1.606099801117320423e-03
-7.594176151313932095e-03
-9.617502213911256759e-03
5.091410734722345453e-04
2.908346871753168372e-03
4.268924554638656296e-04
-4.260215067338159710e-03
1.136618382697769788e-03
8.268195308024660350e-03
6.241710175430420331e-03
-1.113539850636603365e-02
-5.829978690625885022e-03
-7.716089489693059300e-04
-4.318100085047474335e-03
5.276065263917785117e-03
8.658144357504617486e-03
6.620866336241135186e-03
8.068152367212522852e-03
5.633211932092120448e-03
-2.231305901107825777e-03
