7.565919483164670542e-03
2.786372845784066115e-03
8.756892002660981306e-03
1.574213488265569297e-02
1.975215498528156213e-02
1.642837637446942223e-02
1.566045495290237059e-04
2.560588530880756383e-03
7.866729963192188591e-03
2.522740506004738856e-03
1.150286557562173531e-02
8.936737255228739338e-03
1.230839980532002359e-02
6.867205192540418862e-03
1.065502401146123379e-02
2.539871695023052534e-03
7.284895752188599817e-04
4.619671825705501042e-03
-8.744559666496178399e-03
-3.391728177492938420e-04
2.946223687134966640e-04
