8.787352409242492335e-03
6.275114423580705272e-03
4.283413290137652422e-03
5.808380455074961795e-04
-1.725973479835054723e-03
8.416397714789752502e-04
9.813199435168501808e-03
-6.157091211202780153e-05
2.382859818964199600e-03
2.902104363432877077e-03
4.285601646490237206e-03
-2.606192535928991954e-03
2.959840377707597444e-03
-3.272115136663790013e-03
-3.719358432016301504e-03
-3.173343746457065340e-03
-1.129329205497028995e-03
-4.628864054479874392e-04
4.273390399467676126e-03
4.172318089049500793e-03
-5.428749648502147022e-03
