3.694219551505164342e-03
-2.513934148449811258e-03
-3.760351031965738534e-03
-9.612764698532375376e-03
-1.343827762529029371e-02
-1.002974109910858072e-02
-1.687602439581537689e-03
-4.508467110950213803e-03
6.043031400958425239e-04
-1.512996598604100101e-02
-7.235405990553174516e-03
1.263926170678342188e-03
1.109406296596990825e-02
-5.292148991588285431e-03
-4.265568081573955020e-03
-4.085151282875031098e-03
-1.016953922678427366e-02
-6.218241704092645518e-03
-3.470201595680553076e-03
-2.582213436406932162e-03
3.032049539637263029e-03
