3.227742216327082140e-03
5.993503761954189699e-03
-4.321648343883145900e-03
-1.046004201292293281e-03
-1.827415059635749883e-03
8.805890587488632640e-03
-4.153020291283581345e-04
-3.780125698842269275e-03
5.563236539462389739e-03
1.265218431424144701e-03
3.989940837267470612e-03
-2.416894095780237634e-03
5.000553756050445803e-03
2.406146200607503277e-04
-5.005419514583148329e-03
7.723704636266954561e-03
5.825872684696359674e-03
3.023701911470985226e-03
1.376832329601511374e-03
5.269044616004312301e-03
-7.563284441527489896e-03
