5.594219315613775667e-03
-3.210245914799728182e-03
4.890336667242341576e-03
-6.717408299273560160e-03
-5.406400776765263663e-03
-3.629297734072150367e-03
-8.552504424016067752e-03
-3.953646892670726297e-03
-7.706594385212437240e-03
-1.200097320462143249e-02
-1.591744183247758779e-02
7.328745499155990203e-03
1.098812510206870208e-02
-3.134537344082647965e-03
-1.767767539560313912e-03
-9.389903329383091773e-03
-1.119296762034891098e-02
-2.856391867335589859e-03
-2.479447676930691263e-03
-3.595090533950230823e-03
6.880361280824659302e-03
