-4.571197026384679965e-03
8.603543317590526748e-03
-6.126887568272709403e-03
-3.705603180219813921e-03
1.248259130945464021e-02
7.363816240526138744e-04
1.009970415764719492e-02
6.099598445922238717e-03
7.691959019614048182e-03
2.106163238670259036e-02
1.733285822638456694e-02
-1.230246384839354425e-02
-3.313261878287532183e-03
5.478771738949047686e-04
-4.347633494639839124e-04
5.059961046469417696e-03
1.755814170013219808e-02
1.676021615203484097e-02
6.371407422394418860e-03
7.682846065690787131e-03
-1.377749167847543534e-03
