4.048792372122270340e-03
-1.412802378407505745e-03
-5.279968284263459460e-03
-7.914496895448323160e-03
-4.420609772136054570e-03
-7.597882727844383101e-03
-8.450145809511012962e-03
1.441232546176204063e-04
-5.749677156885990223e-03
-6.916505954836785685e-04
-5.719382144673402883e-03
2.189839801299751606e-04
5.999634553046326617e-04
1.244161279251962404e-03
-2.849691591713939248e-03
-7.089400569710778595e-03
-7.446820084960412015e-04
-1.392072174894261674e-03
1.446640289370419675e-03
-1.679041985633377256e-03
1.592016893287748159e-03
