8.868259779924362804e-03
-7.477514310293998170e-03
1.437989354185006952e-02
8.644663919619339360e-03
-1.479907308022512802e-03
6.769812248111493208e-03
-1.090306621363356342e-02
2.342720543491438011e-03
-4.709508379461335020e-03
-2.198698156899997567e-03
-7.508223571104687480e-03
2.161896135643297592e-02
1.369832397465164248e-02
8.173406870724308007e-03
6.486302751106120222e-03
2.003724263484198782e-04
-1.084268249293767437e-02
1.639960691600654986e-03
-1.088300796961981856e-02
-3.164268968712481353e-03
6.905064462055686067e-03
