-2.018171639116192722e-03
4.938935807480964238e-03
-1.093389139792612895e-02
-3.667304935506274580e-03
1.348112301010940747e-02
1.166825713972510434e-02
1.089684627973912245e-02
-1.974540378843187179e-03
4.815524265829916085e-03
1.270695835858210408e-02
5.792396940832348663e-03
-9.884922224497818752e-03
-5.746599395267185106e-03
2.214626204671144970e-03
-2.153268243170442832e-03
2.851917795913714096e-03
1.152054178937236655e-02
1.409855227371232915e-02
4.966820931005513397e-03
6.826258989887493134e-03
-2.105729497974999104e-03
