1.000000000000000000e+00
9.839522603642384402e-01
1.854513119107379249e-03
9.983840497502836087e-01
-1.987424105070963436e-03
9.830170981511857642e-01
-1.216453933813089290e-03
9.906335318384735800e-01
4.465588107813986407e-03
9.911446002715151860e-01
3.140919025180116501e-03
9.818705693070582941e-01
2.699907957795943340e-03
9.771106841987368119e-01
6.892162728192007849e-03
9.973230439827973637e-01
-7.376949477850604404e-03
1.001521878808555366e+00
-1.202799369994027442e-03
9.815555157208938342e-01
-1.230952219948883326e-03
9.828987824125956507e-01
2.848968438629616903e-03
9.784966836457300587e-01
2.142458748115427108e-03
9.852241183234886623e-01
3.988609710361731950e-04
9.984882617564754259e-01
-1.172638786728356659e-03
9.832523278252123244e-01
2.017366842765369681e-03
1.004611059440548182e+00
9.348506445764304075e-04
9.825158391389871015e-01
-5.505913862405020093e-03
9.891658505403126966e-01
-3.858728740794696924e-03
9.866534011826689765e-01
5.465890751972179995e-03
9.936060093949914407e-01
-1.154743050623160570e-03
9.992939242726518456e-01
-4.042555270165160836e-03
-2.625022041291522903e-04
