1.000000000000000000e+00
9.843583723716252676e-01
1.029502455872227662e-02
9.982575789719670967e-01
-7.032958021246977880e-03
9.828131462107262406e-01
9.367281638223467002e-03
9.831860287594871295e-01
5.508976156658137481e-03
9.921423000511153667e-01
7.576587359285502253e-04
9.858703897073051170e-01
1.310577217186047845e-03
9.735074907308184367e-01
-1.256115990184674888e-02
9.974017475565475355e-01
2.467444959650442506e-03
9.951025480033455217e-01
2.094002467156227086e-03
9.832772885005163221e-01
-6.065423460680735221e-03
9.830001970157977720e-01
-1.274460179184412146e-03
9.685836995671306404e-01
1.350206409116755032e-02
9.864612936649921338e-01
9.185445468618920126e-03
9.997537702161591877e-01
1.830745374313527164e-03
9.918714158510404388e-01
8.726272203510543682e-03
9.979244086730393315e-01
1.243984959380733555e-03
9.831315253458248193e-01
-1.321787824658800063e-03
9.914998197157913751e-01
-9.008358547691212859e-03
9.894148503288913155e-01
2.107656812762714622e-03
9.930765897194446801e-01
-4.418211344739104464e-03
9.962869294178474666e-01
-1.000858373743116619e-03
-5.181403208864769454e-04
