1.000000000000000000e+00
9.862580085216198222e-01
3.279404869535674887e-03
9.935794303305485187e-01
-1.211383579484819756e-02
9.854913917414749314e-01
2.702073636918798233e-03
9.878025370387983894e-01
-1.530821234222845681e-03
9.902270256367871060e-01
-1.281714459686036922e-02
9.778224830745164686e-01
-9.121607844092466388e-03
9.794321350045904762e-01
-1.399908987845856732e-02
9.961996068526282055e-01
-4.975446186648639808e-03
9.869408149436771360e-01
-5.657090275221058652e-03
9.840472838013072376e-01
-1.271646009001751662e-02
9.791732353888380480e-01
-1.295975860859624115e-02
9.805587476766449706e-01
1.018001936675023457e-02
9.809129671154089847e-01
-2.096016031668993407e-03
9.879643682884754474e-01
-6.114826894594319051e-03
9.869983410443481375e-01
-8.898922367799670359e-04
1.002350457893883107e+00
-6.953814904510926230e-03
9.830705830400729983e-01
-1.710466757401006913e-02
9.926756780078404008e-01
-1.543320260644888940e-02
9.862426262229380125e-01
-5.194628656045293356e-03
9.968901182384748427e-01
-6.972078608397471768e-03
9.965019685043424724e-01
-2.480754094314233885e-03
-3.409297793039581313e-04
