1.000000000000000000e+00
9.909616808286892953e-01
7.497679352161029653e-03
9.942465637686208613e-01
2.770348796848706979e-03
9.888935889167760340e-01
8.659855716426396663e-03
9.891676916456183521e-01
1.557289764293052527e-02
9.873827783175644912e-01
1.950547440462196275e-02
9.855528595486403587e-01
1.619249007856128283e-02
9.826795619194812481e-01
1.538920913838457858e-04
1.001377247880811838e+00
2.564120699993897943e-03
9.970926349304198855e-01
7.844020318170040820e-03
9.836925387774497764e-01
2.481606277526564146e-03
9.908969879243043621e-01
1.139865759709193793e-02
9.712882276932026659e-01
8.680378778160954822e-03
9.870177842027585413e-01
1.214922303154747016e-02
9.978597338968514530e-01
6.852615266084142835e-03
9.956053521995826827e-01
1.060860039982718973e-02
1.005206188259780919e+00
2.553100235197871149e-03
9.887240948805000595e-01
7.202753233041509591e-04
9.910791138029346747e-01
4.578492829560046502e-03
9.933721773504546881e-01
-8.686823696393721969e-03
1.001535091120209664e+00
-3.396934919559466983e-04
1.002206563918012661e+00
2.952724803451867641e-04
-5.106607468273719917e-04
