1.000000000000000000e+00
9.851978881299003898e-01
3.790325232607938324e-03
9.968496393330256167e-01
6.466696694058031393e-04
9.888727144415889736e-01
5.872089328785240828e-03
9.845164414808571518e-01
1.693753916370828450e-02
9.836007313516069717e-01
1.311260312252983222e-02
9.811087539303857685e-01
1.333190108226497625e-02
9.855732906318827036e-01
-4.150287095989448061e-03
9.923200932472956426e-01
9.036428496943013210e-04
9.973433285606106979e-01
9.259182151929973292e-03
9.804858837487466783e-01
7.749351316863145774e-03
9.913428275034945614e-01
3.273556519333753467e-03
9.818252881324740500e-01
9.603107447198375168e-03
9.800811539678684348e-01
7.518152103467462197e-03
9.942315928934796210e-01
5.392127521032624195e-03
9.911869056336113371e-01
1.393717038671768958e-02
1.001454024847831858e+00
4.010565028022095718e-03
9.870573991281728077e-01
5.670629446675750154e-03
9.874671946730128047e-01
-1.681768520635382614e-03
9.943659455118925017e-01
-2.820839805869921040e-03
9.982528783737993905e-01
2.898476150461726068e-03
1.002431905719032512e+00
-3.068344323498659477e-03
-2.239926755251343718e-04
