1.000000000000000000e+00
9.915014611046558679e-01
5.819655114508699364e-03
9.918763399503033318e-01
1.024708839908650831e-02
9.850980546752048372e-01
7.725657997250236740e-03
9.848378204251072576e-01
7.063047120321022491e-03
9.787859608116723509e-01
1.721294041727440549e-02
9.728424084606792643e-01
1.158942887337950818e-02
9.859880798145438385e-01
4.935699037395780905e-03
9.969179447984962694e-01
1.790856233960534281e-03
9.918079049968706595e-01
4.338015240107365167e-03
9.896944105574858597e-01
3.980410868594165541e-03
9.859794333745555139e-01
1.254202370510292507e-02
9.732689124357027932e-01
-2.930866660136154794e-03
9.850195043366407610e-01
4.548026020973535560e-03
9.923488859762693570e-01
5.198026704736211784e-03
9.894602583636947779e-01
7.301315033156810909e-04
9.955036437041449027e-01
-1.242770971472494925e-03
9.818003485556552334e-01
1.113230794933578634e-02
9.940184000410415832e-01
1.438747893584008120e-02
9.918351215010791089e-01
1.093422438604401900e-02
9.959431323279592796e-01
9.589546803129005148e-03
9.968191056559504437e-01
-2.379085153638498158e-03
-1.301099349439031644e-04
