1.000000000000000000e+00
9.941418571822803196e-01
-1.259835651452908753e-02
9.944305602948044776e-01
6.358041495428142127e-03
9.839569401835596141e-01
-9.345706888548769783e-03
9.733309391299679314e-01
-1.176817016635793058e-02
9.891924274758172597e-01
6.182461045873593325e-03
9.824132419296605079e-01
-6.337226002374641773e-03
9.865251595779523930e-01
1.498815605508587064e-02
9.975016672813585838e-01
-5.434178671055575269e-03
9.990588669987381376e-01
7.614887450281220384e-04
9.808508965270007485e-01
9.116167350661671248e-03
9.952728872539481353e-01
-2.646973829111806502e-03
9.761953941631167364e-01
-7.763565204469784903e-03
9.837647477522478701e-01
-6.400716201296431651e-03
9.959163490839731958e-01
-8.537602461925355643e-03
9.853642202913545090e-01
-7.716325361176815459e-03
9.947687016753957723e-01
3.984683350608089801e-05
9.896073167333173659e-01
3.900833481630415923e-03
9.918759503382350573e-01
5.726412227181802185e-03
9.941074888785180752e-01
6.699911827310886699e-03
9.985676446927317373e-01
1.512436891082788318e-03
1.000550298906164315e+00
-9.265968482184982341e-03
-4.005990111046958484e-04
