1.000000000000000000e+00
9.920508212432751494e-01
-2.535624573445263274e-03
9.959177369628667842e-01
7.945498884666057915e-03
9.833275986704786975e-01
-7.276613732939524529e-03
9.819914536407378103e-01
-3.071376364039273021e-04
9.840673434391234986e-01
1.578396467617025622e-02
9.754561764380983435e-01
1.005610084607502092e-02
9.884977291577067282e-01
1.931815656989181035e-02
9.988270879378170486e-01
-3.018573284281550213e-03
1.002550504809153642e+00
1.149761108966976773e-02
9.851305178391414064e-01
1.922954482626301406e-02
9.898292054648700766e-01
1.773912018394443665e-02
9.802295000722092144e-01
-1.093673730955169003e-02
9.806247344615465211e-01
-1.515842232904006381e-02
9.932831832680806272e-01
-1.406917187065812426e-03
9.902096149406223180e-01
5.786720520325425729e-05
1.005011637481211695e+00
1.549126794602261005e-03
9.918081919316026340e-01
1.929945802571001942e-02
9.960980147930172945e-01
1.346700054311459824e-02
9.952269479532537266e-01
1.687097235602554729e-02
9.949030087278496470e-01
-2.635868848789956593e-05
1.004282498621225761e+00
-8.292712434164602534e-03
-5.650438652904510436e-04
