1.000000000000000000e+00
9.885036862217575493e-01
2.865825801405585353e-03
9.969591108610589281e-01
1.153166497793247161e-02
9.859640166402136030e-01
8.997611681886747564e-03
9.765099259119467412e-01
8.548236782724009594e-03
9.824168707207128204e-01
9.444235820198116499e-03
9.866802091321195123e-01
1.469441945850936786e-02
9.839891780660042775e-01
-2.907560011108484364e-03
9.976422299344074318e-01
7.454096922829813766e-03
9.942129296758986934e-01
4.740349407706459343e-03
9.852156260490864126e-01
1.254217382658172689e-02
9.847354945959939654e-01
2.232814389165581337e-02
9.777591364576656563e-01
-1.938399970598878117e-03
9.791743853564903732e-01
1.047443599594850665e-02
9.917310027703681863e-01
9.543529660724425073e-03
9.871729055430132904e-01
1.365097908855729229e-02
9.981148912343017487e-01
5.444200056594708688e-03
9.811347674861236046e-01
2.839235547190175832e-03
9.934596925642783516e-01
1.101817020072060234e-02
9.905786896374504380e-01
-6.318460688260339048e-03
9.993134937276961782e-01
8.085322452898615134e-03
1.001907525457050419e+00
3.567462973198331794e-03
-4.895373343796913202e-04
