1.000000000000000000e+00
9.843117351175362240e-01
3.636280198413682167e-03
9.890411712542163114e-01
-2.486389612523128012e-03
9.795008851529900529e-01
-3.683284525155014737e-03
9.689393117804668831e-01
-9.314472515109691736e-03
9.799151970319739391e-01
-1.316916520452078403e-02
9.781733985946295951e-01
-9.811154926832805698e-03
9.845605382617412804e-01
-1.661548343650857875e-03
9.986485716179066552e-01
-4.502404746284793292e-03
9.963807747860770059e-01
6.021161042284014966e-04
9.814207958591738556e-01
-1.484999640992199464e-02
9.879931886557006271e-01
-7.148656582938750850e-03
9.725685891895394786e-01
1.229255547238858239e-03
9.856026215843444183e-01
1.093478615834926441e-02
9.969324010437825567e-01
-5.275964055319556402e-03
9.894202157674872877e-01
-4.220464888892376532e-03
9.964222943289477996e-01
-4.070558457773738349e-03
9.798686274750170178e-01
-9.965155977147144295e-03
9.818516433460956483e-01
-6.105469528529449026e-03
9.861459507945823377e-01
-3.422138988839409143e-03
9.898482104746474386e-01
-2.556005030092645906e-03
1.004325630718860829e+00
3.045174398031454469e-03
-2.213740462316921248e-04
