1.000000000000000000e+00
9.889061821169137234e-01
4.003897685180876631e-03
9.955295614508458124e-01
-1.406487467980806986e-03
9.876046628828399898e-01
-5.214569754873829739e-03
9.847732042995466228e-01
-7.794147208703097740e-03
9.851307765593324550e-01
-4.354907105288262359e-03
9.834555826821860247e-01
-7.472323972812427301e-03
9.862158005242414038e-01
-8.333865674811122976e-03
9.972817533686227920e-01
1.437314930614264552e-04
1.000358491799820504e+00
-5.751801751668480893e-03
9.863486976420189345e-01
-6.822087728637918564e-04
9.962848074489618622e-01
-5.698195670725483483e-03
9.723499061272733446e-01
2.129290559263568553e-04
9.810166919856295742e-01
5.885742348555252383e-04
1.000471752143140991e+00
1.244748857266319295e-03
9.890714007975270894e-01
-2.818556084050652562e-03
9.974561813946448696e-01
-7.071484891039393587e-03
9.853315925285296428e-01
-7.337588449943923188e-04
9.906346536015724347e-01
-1.379035827559940090e-03
9.944070447772922483e-01
1.438550298526150443e-03
9.946853549113769954e-01
-1.670120042848582302e-03
1.000558157733286491e+00
1.592906835578723670e-03
-4.803049709925409031e-04
