1.000000000000000000e+00
9.857766266652610021e-01
-8.480076053849358803e-04
9.841592849077334115e-01
5.529930118291738993e-03
9.846935713473100593e-01
7.614275043343996137e-04
9.818787624108850087e-01
3.965918148818534453e-03
9.761307635194532706e-01
5.224352389598579775e-03
9.725715129437010331e-01
7.250587897283508089e-03
9.752942144739330521e-01
1.134426319030102043e-03
9.946818858469691493e-01
2.831833347544499870e-03
9.889963196209270446e-01
-3.631709451927204752e-03
9.796592536768106152e-01
1.220817863948226757e-02
9.828675328903682118e-01
1.168936796342515648e-02
9.802800558300271971e-01
-7.845609018766968798e-03
9.853097338216812995e-01
-4.865488931953165092e-03
9.932287837817249665e-01
-4.833529120648842083e-03
9.927927756747781940e-01
-2.036325701037118834e-03
9.913687471352046199e-01
2.964610088295696610e-03
9.833096020287848127e-01
5.186828001264918823e-03
9.899703181113002071e-01
8.988781480462556400e-03
9.879016038828848378e-01
1.982968239625678124e-03
9.865889328237177347e-01
7.333771756942578709e-05
9.961357743486155547e-01
7.946126278448489497e-03
-3.011326140793308586e-04
