1.000000000000000000e+00
9.898481675401574753e-01
5.537485504236352302e-03
9.903815400277860004e-01
-3.179379214861793260e-03
9.859473479631198911e-01
4.821652905016598177e-03
9.754382657150110214e-01
-6.552515659481824260e-03
9.836629632874653861e-01
-5.318128023715100287e-03
9.770951439824093754e-01
-3.546184761923162117e-03
9.881492828989215660e-01
-8.451357173694712746e-03
9.993704077571353706e-01
-3.951178294659903750e-03
9.910785764112474139e-01
-7.637991803717713267e-03
9.891453587303425943e-01
-1.187127686478934088e-02
9.851140468349020018e-01
-1.568181996908986006e-02
9.719469282480840411e-01
7.123279207927738985e-03
9.821268082790290954e-01
1.079216658371133682e-02
9.955350493307463244e-01
-3.120552009622307253e-03
9.866754787399498738e-01
-1.744214700288513166e-03
9.997472936637283869e-01
-9.387806351455644377e-03
9.862432858127128110e-01
-1.103945018446685945e-02
9.902094373394690896e-01
-2.828433876152883740e-03
9.943320589458436443e-01
-2.465399365799385203e-03
9.909248653629625370e-01
-3.562479951301831052e-03
9.988331085433483914e-01
6.872441092049963104e-03
-3.279060998227526988e-04
