1.000000000000000000e+00
9.950206007942895559e-01
3.211681152747075923e-03
9.884369309540026460e-01
5.924271401695398349e-03
9.758334322427524299e-01
-4.217235190991069915e-03
9.834997525995363699e-01
-1.028745248380966149e-03
9.879927489937220253e-01
-1.805474838084286920e-03
9.843881568206538368e-01
8.668638471867091619e-03
9.772513355505274557e-01
-4.058544859558880320e-04
9.977900755002973021e-01
-3.771789871941134530e-03
1.002555043017788972e+00
5.577508388810261883e-03
9.764891128663109043e-01
1.235472682922570103e-03
9.829679143845915235e-01
3.922004635633592404e-03
9.701650425215727624e-01
-2.344790728806816354e-03
9.841020943196328030e-01
4.921096442376675026e-03
9.945809081859861012e-01
2.393107119611764940e-04
9.841884307508148577e-01
-4.926317119060860499e-03
9.986056671926532013e-01
7.713088598451952813e-03
9.812157376950726428e-01
5.716502638388283250e-03
9.839660570807478024e-01
2.975229114904873184e-03
9.930804888827103882e-01
1.367306186976158505e-03
9.912626456430106980e-01
5.223055441763091271e-03
9.966202460193376300e-01
-7.537866131578542170e-03
-5.220985045510488642e-04
