1.000000000000000000e+00
9.866937474389444462e-01
1.829109868016344986e-03
1.001044101105098560e+00
2.239579667470428489e-04
9.835690027370511679e-01
-7.059419037215804160e-03
9.852859671975341405e-01
-1.031532581037683180e-03
9.834291678530653336e-01
-4.712573678336755972e-03
9.842357517124287192e-01
-4.552086512019485297e-03
9.796147309241693968e-01
-1.153290930612739604e-03
9.947048772761345470e-01
1.228474897355290134e-03
9.960896316916921789e-01
-1.143400836990029947e-03
9.848062008817102253e-01
-5.289573353184067600e-03
9.900255280326535345e-01
1.647040778929362856e-03
9.730434548671070827e-01
1.837213620541381818e-03
9.758396793698227434e-01
7.708908996716955057e-03
9.989165835210523925e-01
-5.026375327066755216e-03
9.873959794072536544e-01
-7.423398481736397624e-03
9.961105787928221655e-01
-1.917000825738369692e-03
9.754402498546339562e-01
1.033678005003392129e-03
9.838076973420736282e-01
3.304539410383102067e-03
9.885807595048975438e-01
3.315005265499835796e-06
9.918460970828731904e-01
8.672718362667052689e-04
1.001283161315925208e+00
-1.651905861813851789e-03
-8.396431696268423278e-05
