1.000000000000000000e+00
9.934497680895344462e-01
-6.590609189719416161e-05
9.957764165367944953e-01
1.599317679734110200e-03
9.871278288699195658e-01
-7.496566729634238958e-03
9.830219687494680114e-01
-9.454507465042468958e-03
9.794166336755726343e-01
4.986612793345731199e-04
9.829127122727289168e-01
2.858659171921290078e-03
9.786771481056643074e-01
4.177899162401510860e-04
9.955053074799495860e-01
-4.241092368378675780e-03
9.967599125068904442e-01
1.132936127572164390e-03
9.808168066597070522e-01
8.109769722571987666e-03
9.886170622932668461e-01
6.170741312720496620e-03
9.749889435236377411e-01
-1.085733918867020850e-02
9.784086635302473578e-01
-5.704166284891578308e-03
9.871390767526153631e-01
-7.616854966638202150e-04
9.899285551440966113e-01
-4.274637146469809773e-03
9.981056425373767693e-01
5.266119374486596776e-03
9.731223291719495183e-01
8.425644143023717364e-03
9.835314754986254071e-01
6.511925589017280268e-03
9.887045709259937309e-01
7.977192217137050664e-03
9.964054506320382254e-01
5.613022446651516617e-03
1.000647230268207677e+00
-2.232753775248991820e-03
-3.230796321171354782e-04
