1.000000000000000000e+00
9.901404103784209321e-01
6.249990017085777644e-03
9.912426838566011922e-01
-4.696672389216135710e-03
9.791130142980319917e-01
4.149070168058682784e-03
9.818948756422533064e-01
8.066071211295313889e-03
9.838939741566701258e-01
5.870808778594043334e-03
9.875041488238422982e-01
9.947735596449817572e-03
9.893718753354368012e-01
-2.065054942026697728e-03
1.001418581324158286e+00
-1.230674021352585242e-03
9.966386014162973428e-01
1.151837567217092219e-02
9.871896493315864829e-01
5.137951645649667387e-04
9.909291320581010698e-01
8.870286224070452960e-03
9.826971373540457355e-01
1.513748025802321914e-02
9.745746904638095121e-01
7.796999611429826678e-03
1.001333297022592772e+00
1.200395792978942167e-02
9.901346842489033850e-01
9.458386498515200524e-03
9.956640480806208116e-01
1.348239329642632409e-03
9.761589047872369918e-01
-2.759523271373003767e-03
9.884101302363650365e-01
1.623914036129639384e-03
9.883600028861084796e-01
1.551223515806227386e-03
9.982484812820279219e-01
2.868871650384279687e-03
1.003684798970911896e+00
1.144961679407053299e-03
-9.902826895780413594e-05
