1.000000000000000000e+00
9.842131750501579290e-01
-1.986313813494616255e-03
9.922671146621335758e-01
4.900783431667492251e-03
9.802190107130115404e-01
-1.071803532636302937e-02
9.762963070919393749e-01
-3.580392316577733162e-03
9.827353667544097560e-01
1.324917901358340158e-02
9.824455805323519808e-01
1.146394792954640550e-02
9.867709534458392051e-01
1.075311700926353912e-02
9.953190567650966880e-01
-1.965300221525989079e-03
9.935057853480535606e-01
4.784288199033040305e-03
9.776407373334130568e-01
1.242350880751263986e-02
9.804392221586556433e-01
5.679156666673440719e-03
9.817766236001153057e-01
-9.705101668796442538e-03
9.846188346240513090e-01
-5.658272284894730851e-03
9.948256524017862201e-01
2.203170560756752185e-03
9.794557024043327731e-01
-2.109034119137770478e-03
9.977404789796641138e-01
2.845481542222924511e-03
9.889125780430808588e-01
1.139331273694618729e-02
9.874998930628486882e-01
1.392324137859617984e-02
9.902875270345796732e-01
4.918621263386727116e-03
9.908440238320880278e-01
6.763862985991276298e-03
9.947816905602456794e-01
-2.094744245958591548e-03
-2.055792826370737706e-04
