1.000000000000000000e+00
9.867631816567036251e-01
5.241700633402865059e-03
9.868842938377176965e-01
-6.293946709140830174e-03
9.793503980722664259e-01
1.200703928086721550e-02
9.879640272216413388e-01
1.322001381416032517e-02
9.829708863041722866e-01
8.501737614150608503e-04
9.824347946928232433e-01
3.039129389409555172e-03
9.836064577033262202e-01
-9.032944350610968426e-03
1.003977215377726440e+00
-1.781966383963377214e-03
9.964786548074165973e-01
1.029298615953101346e-03
9.794503930895808175e-01
-1.167347301480188386e-02
9.901863675102688944e-01
-8.266613558994828637e-03
9.825255738883205137e-01
2.016836955065944709e-02
9.778887304559835680e-01
2.470497187838178316e-02
9.921164315097807940e-01
6.729802144401407721e-04
9.877103529410169447e-01
7.839554483494822618e-03
9.944204212129045262e-01
2.185918101805450157e-03
9.870743467248016545e-01
-9.566114063605494697e-03
9.870442367513618809e-01
-3.373268081650233029e-03
9.838528395107120073e-01
-7.110953856473225393e-03
9.943330042358616838e-01
-1.054909955219402243e-02
9.939589787219899053e-01
-1.857202894594773114e-03
-2.566002747434239982e-05
