1.000000000000000000e+00
9.951107107131653695e-01
-8.417896215271019125e-03
9.933101404935195111e-01
6.014518971359874427e-03
9.883592537717457160e-01
-8.494183030772133741e-03
9.890155109998789440e-01
-1.419039885606873143e-02
9.832704737137022422e-01
-5.593186006499210883e-03
9.840079625908066951e-01
-6.245441976377219540e-03
9.749429078634775925e-01
1.941703453203719870e-02
9.978013273211628897e-01
-4.174187738957318289e-03
9.937575111996597155e-01
-9.671069474539027884e-04
9.780225566317435337e-01
6.374054916618473489e-03
9.842108857847601255e-01
3.624613590050017580e-03
9.772987141086385554e-01
-1.430006299468148528e-02
9.857241910706818766e-01
-1.509745488582267710e-02
9.939193141899549389e-01
-1.442747800470445263e-02
9.971089640313863800e-01
-1.574790747660998261e-02
9.994786444259325942e-01
6.795430310370918509e-04
9.846819818102908739e-01
1.401742257634308424e-02
9.890466639884341049e-01
1.605169057832098742e-03
9.906749444259751458e-01
1.044609836350375749e-02
9.992121594971165033e-01
2.729278784714025009e-03
1.004496064709791359e+00
-4.649786443344329501e-03
-4.260386175495411293e-04
