1.000000000000000000e+00
9.896745986029549247e-01
-1.540085519891953858e-02
9.934691799288996039e-01
1.574753543639072564e-02
9.885647593869416605e-01
-1.287957069767825362e-02
9.794580634206681014e-01
-4.951328410144704290e-03
9.882953594366892247e-01
1.316718635191058140e-02
9.916134355031908099e-01
1.383483774509623905e-02
9.779341905700422721e-01
2.088306025026202134e-02
9.923691683025563925e-01
3.417439323242228103e-03
9.919781911662584051e-01
1.572255588436852550e-02
9.876151063788881634e-01
2.494342233059862121e-02
9.867051739470974470e-01
2.657435535417515884e-02
9.732349252329923761e-01
-3.287933013108566144e-02
9.833301264194836966e-01
-9.243775823542479952e-03
9.895990852193360388e-01
2.944280896734114555e-03
9.913036577429005236e-01
-5.568977923639332681e-03
9.962343002609670428e-01
1.054542803958746604e-02
9.742027099345419439e-01
2.370671733887551313e-02
9.940724564399424645e-01
2.217665379162455513e-02
9.822952694079155611e-01
1.985857390894562452e-02
9.951501844068547653e-01
1.513303495217584692e-02
9.980510210017331518e-01
2.798639772306330984e-04
-3.515979929903108423e-04
