1.000000000000000000e+00
9.861770284137543197e-01
-5.761398976971667668e-03
9.897283179021645338e-01
-1.411109405127956103e-04
9.850751658170374681e-01
-3.510762897571591441e-03
9.812382371100637490e-01
-3.187256175311108369e-04
9.885880083094948922e-01
1.984388415486882003e-03
9.816423424561784294e-01
-4.093443348702144845e-03
9.823311041172969604e-01
-6.007523076897424048e-03
9.949797441022905087e-01
7.497587711767127010e-03
9.929959660486387119e-01
-1.716971905326186059e-03
9.819230466115860256e-01
9.483091720332785524e-03
9.877837054725113752e-01
6.483467564283240496e-03
9.777640508006656406e-01
5.881984774199335107e-04
9.810837572713643207e-01
-6.575381187684191039e-03
9.971550777400982613e-01
8.117541170276403040e-03
9.927171044435414426e-01
3.373862781184850789e-03
9.999528828751559351e-01
3.423216665456127027e-03
9.801006504800080510e-01
4.963313621060758823e-03
9.898092073083094578e-01
2.854053581981863801e-03
9.953062156655489989e-01
-1.230565311082874175e-03
9.842482642953804817e-01
1.462201191980078748e-03
9.966411519666921182e-01
1.967332222024941043e-04
-5.568081123199544432e-04
