1.000000000000000000e+00
9.811773973608625132e-01
8.701564165678792040e-03
9.902475450496717180e-01
-7.404728196756397811e-03
9.842212557711546017e-01
1.415397248552189777e-02
9.792002294150312647e-01
8.465067759800179101e-03
9.861757863030994331e-01
-1.459449818604449884e-03
9.850781849899624687e-01
6.668896241704228359e-03
9.756959953902536453e-01
-1.063849960257527184e-02
9.993535738531582613e-01
2.341210430798212460e-03
9.969014971147295290e-01
-4.694950664715209776e-03
9.881772925354298520e-01
-2.172707092942710236e-03
9.910655039660563048e-01
-7.441281208072127347e-03
9.726063019173841750e-01
2.103001449074907298e-02
9.869917336540938724e-01
1.352097824898334556e-02
9.974686199169272571e-01
8.152898422487429159e-03
9.890885833678235706e-01
6.415617972529024521e-03
9.990816858307336457e-01
2.001884241893028122e-04
9.886621150965843041e-01
-1.072016951123929210e-02
9.869194028638714755e-01
1.618510477454035380e-03
9.852825218730397738e-01
-1.072326089506277572e-02
9.972101552006825687e-01
-3.155451680816681766e-03
9.966309091055748359e-01
6.881910048894733511e-03
-2.370101193851436260e-04
