1.000000000000000000e+00
9.889706308217045549e-01
7.302679492793655996e-03
9.965108725109063093e-01
-8.000855955766356109e-03
9.879365327897454696e-01
6.698625977343827115e-03
9.853822300571647430e-01
8.281055256444550330e-03
9.834054691564998452e-01
2.643892480261570647e-03
9.829638325307581415e-01
6.523910984373794235e-03
9.832460978353517733e-01
-8.491569432130531905e-03
1.003124355817357705e+00
9.541217754893990908e-04
9.990277883853905250e-01
-2.161320057689049279e-03
9.857431688064722808e-01
-1.073217096253577425e-02
9.952075310315515733e-01
-8.695248745684100444e-03
9.814260758503975390e-01
1.532158808473981469e-02
9.853549802411226688e-01
1.186753036458468476e-02
9.988778808867702086e-01
6.821709876878741946e-03
9.907957622380197948e-01
4.672008507452507162e-03
1.001168421691697175e+00
7.995829490989447971e-04
9.851626697208757388e-01
-1.104918135773055692e-02
9.937215422645776508e-01
-5.589085199672682615e-03
9.885645208918301119e-01
-9.477499024720238349e-03
9.980385396362876360e-01
-7.940408579871490596e-03
1.004233983510025796e+00
2.936779961000377404e-03
-2.605375053352128865e-04
