1.000000000000000000e+00
9.802200404263414768e-01
8.613760646169489263e-03
9.902438377884121845e-01
6.213974952272401271e-03
9.841805549769611083e-01
4.215677851679886477e-03
9.835555370473952896e-01
5.712865400322061872e-04
9.799499368394215537e-01
-1.691369282072143930e-03
9.796076664318847937e-01
8.244769671896086611e-04
9.753376902995302133e-01
9.571490514800617272e-03
9.950444627122505548e-01
-6.126579523863498369e-05
9.916100057754507757e-01
2.362872110992628952e-03
9.859803989442480487e-01
2.861426051216684353e-03
9.889831543813790704e-01
4.238413782907843493e-03
9.803044923259944810e-01
-2.554868035265510633e-03
9.812548513702434860e-01
2.904366211295583700e-03
9.931455162688246352e-01
-3.249698074589318312e-03
9.868597592057785084e-01
-3.670502092087658645e-03
1.000176462821244838e+00
-3.173914377544031964e-03
9.880310529052326318e-01
-1.115812798347332133e-03
9.858311845208240776e-01
-4.563278859728957118e-04
9.909067788587380132e-01
4.234557292545671620e-03
9.923305634532405550e-01
4.140342785598385804e-03
9.922118517347586764e-01
-5.386522657431274709e-03
-1.577683497604135006e-04
