1.000000000000000000e+00
9.867223608336644913e-01
-8.636369555024149547e-03
9.938918579765594341e-01
-5.110487799068070538e-04
9.877191099173662225e-01
-1.045484632900179310e-02
9.846102905406962646e-01
-1.455434719589569770e-02
9.865550936152781558e-01
-1.102193372782608524e-02
9.903008438687223025e-01
-1.040854289562867865e-02
9.889979979639045293e-01
-2.386159357467085556e-03
9.953857236429677346e-01
-8.877768711199881613e-04
1.001427800585554140e+00
-6.274387080143959371e-03
9.868665637861799844e-01
-1.398700069472707391e-02
9.937151378248307854e-01
-1.087006397841278928e-02
9.762368467848265841e-01
-7.458841924217885291e-03
9.804499349661459640e-01
-1.400562707059969068e-02
9.946545920180973610e-01
-7.509742513171242285e-03
9.911936003217347579e-01
-9.869147213673453919e-03
1.003709181029217579e+00
-2.044248331045643401e-03
9.881334470545415360e-01
-4.239644121630469463e-03
9.875698224125182278e-01
-3.259563808551055580e-03
9.974091994364866487e-01
1.653928706609082483e-03
9.954848605310419041e-01
2.997404889535796972e-03
1.000693138911578517e+00
4.139979691315175472e-03
-3.027008905498665284e-04
