1.000000000000000000e+00
9.869749757622853226e-01
-1.069317503639126941e-02
9.893898711917711308e-01
8.835055723527890023e-03
9.852865095590327416e-01
-1.211464003035223752e-02
9.902557693939852967e-01
-1.037263471284803271e-02
9.818773539766630920e-01
1.376703637021727163e-02
9.802180211325357551e-01
6.858901864799800928e-03
9.791163303281016361e-01
1.818261302367219986e-02
1.003338473996039149e+00
-4.544489261510618037e-04
9.871032554477778831e-01
4.624312990326523258e-03
9.852066088640362151e-01
2.027780769277080439e-02
9.830002863169614580e-01
1.259842047959984675e-02
9.752535885966164830e-01
-1.521541865060654745e-02
9.783218187962857693e-01
-1.231314432679985610e-02
9.894389433800094835e-01
3.730201423375236174e-03
9.907701503559245282e-01
2.108923043439688439e-03
9.997834190130502341e-01
1.321175036267327419e-03
9.805909924598076310e-01
1.776594819891722313e-02
9.933712999730137660e-01
1.894522490792806269e-02
9.827240735261416615e-01
1.436017576854684875e-02
9.865431207552153303e-01
7.758057130067115559e-03
9.963120597216189589e-01
-7.760240380328580108e-03
-1.445062153125434312e-04
