1.000000000000000000e+00
9.937116961406410320e-01
-7.598383936947309021e-03
9.932616949850711086e-01
-5.485354356124258132e-03
9.820568803973535044e-01
-1.013801722794304382e-02
9.903252482171354121e-01
-1.595175430766826094e-02
9.825304970920244463e-01
-5.155026978446398608e-03
9.836012483131840733e-01
-1.125776989009185346e-02
9.868473644752887575e-01
8.576744118647320128e-03
9.916245043382635460e-01
-5.906625471212986582e-03
9.958469922950113906e-01
2.956421154185241273e-03
9.847780705822237746e-01
3.045298743137475270e-03
9.860042090830718475e-01
-4.951849244229090648e-04
9.853474083490516566e-01
-1.227085125928409348e-02
9.861690584113684821e-01
-9.120744989628826876e-03
9.925573862720450391e-01
-7.667645610632422074e-03
9.883199818000859560e-01
-7.457251638978147114e-03
9.964495386548518630e-01
4.597594659353864029e-03
9.885606020939564642e-01
3.091262236236136992e-03
9.869226111943053548e-01
3.747442095173902964e-04
9.908134542676304557e-01
9.504862257303230144e-03
9.974850241943307161e-01
1.015700434515604943e-03
9.921365895381282218e-01
-1.552369089950314182e-03
-4.576615876369549327e-04
