1.000000000000000000e+00
9.860133431755675470e-01
4.715356247333334777e-03
9.959889545637344854e-01
-1.388281542310068443e-02
9.820842443633026608e-01
1.874327506704745070e-03
9.821549523522395964e-01
-8.629138378995114544e-03
9.857383253765972242e-01
-1.654528239377546506e-02
9.768015338722125795e-01
-9.754005032471136510e-03
9.832729731079200564e-01
-1.502397891571727317e-02
9.977977433423710352e-01
-5.664534833691558212e-03
9.938798618901156789e-01
-6.988534742168570763e-03
9.821513068068693508e-01
-2.418204446525240928e-02
9.829844081638772213e-01
-2.953927666562410764e-02
9.807769984149935505e-01
1.547560509981669302e-02
9.863248463890749163e-01
4.885538637209082408e-03
9.937284145732266927e-01
-3.998662497133126381e-03
9.790071604971410935e-01
-1.701230943028985820e-03
9.991838168786647545e-01
-1.005428048118890520e-02
9.798502600914432703e-01
-1.208595592556898843e-02
9.871072864841696770e-01
-2.302684313698283650e-02
9.908755596195180093e-01
-9.404735232984285515e-03
9.930611977134821133e-01
-8.036954796804952547e-03
9.996038978823560406e-01
8.225081364590005727e-04
-2.965441143305022989e-04
