1.000000000000000000e+00
9.909952203174173802e-01
1.763064035672753938e-02
9.949448299444065835e-01
-4.709908726212416220e-03
9.901308380905721185e-01
2.356172379051570814e-02
9.851960819692449078e-01
2.074912685227128795e-02
9.908177238695549116e-01
8.394346083237013215e-03
9.808877646384427385e-01
1.311314302215617345e-02
9.757430293423446921e-01
-1.461133733977176656e-02
9.962735579091955840e-01
6.187174309643220932e-03
9.958005537734245793e-01
7.043429434564826321e-03
9.756704034025477368e-01
-1.351712102737858291e-03
9.830453668169598647e-01
1.129989940155848218e-03
9.717093213135226115e-01
1.883572637690453591e-02
9.817260030765350143e-01
1.397287374942794355e-02
9.912782769030029639e-01
1.403923979063515480e-02
9.824589019916096788e-01
1.629346989593885575e-02
9.975208810249956981e-01
5.844271604926395275e-03
9.813802587437038261e-01
-6.274718609246675988e-03
9.866740794978413609e-01
-5.246213137146518539e-03
9.859784551349053405e-01
-8.010069526098971548e-03
9.905178670976224620e-01
-2.707361058461659267e-03
1.001368238034270552e+00
5.516516924418797541e-03
-4.479897278043894378e-04
