1.000000000000000000e+00
9.847531957911722644e-01
2.627609174723774879e-04
9.933494141016218082e-01
1.123429347352830968e-02
9.831264078574677434e-01
2.812972732929327428e-03
9.801324502569044306e-01
8.054404445506124430e-03
9.821390238652889515e-01
1.555333425121434993e-02
9.813953230309533371e-01
1.829719205856827078e-03
9.764971814843020903e-01
7.910081176324882876e-03
9.988184545917959678e-01
-3.009450029330818909e-04
9.897120517998436728e-01
5.648114951602488734e-03
9.840937750153273544e-01
1.221277328354196390e-02
9.918019878109189946e-01
8.057431045323330474e-03
9.795473130354287461e-01
-1.384104401245372061e-02
9.842207803533180588e-01
-3.193715421295861227e-03
9.919005078818715626e-01
6.963938238886932183e-03
9.893909702387504446e-01
-3.661190420778825017e-04
9.974555405161072974e-01
5.322195553469427458e-03
9.851733672004029385e-01
1.232134310331559589e-02
9.865631654752614610e-01
9.561346415091898435e-03
9.889686055646754737e-01
4.392955282622010467e-03
9.902561375606406813e-01
5.410207201784519859e-03
1.001931378789433946e+00
-8.606299767646253401e-03
-2.547424408084359378e-05
