1.000000000000000000e+00
9.895543539249445075e-01
-2.118739856922335733e-03
9.923641699149722273e-01
-2.810260981031238638e-03
9.807158224126805157e-01
-4.813062133852410822e-03
9.858475945537606977e-01
-1.628453370056206139e-03
9.762077817654780665e-01
7.393883932071619071e-03
9.848756567590137845e-01
-1.508888354203588014e-03
9.777362573009127367e-01
6.175935516159290241e-03
9.948303891826214551e-01
-2.325897356784229712e-03
9.963159599460837956e-01
4.545116952560073441e-03
9.769503770060783410e-01
1.173735769309730559e-02
9.839605918868075118e-01
7.769989812687296514e-03
9.741016936833168938e-01
-4.888106227461268272e-03
9.806271500514551764e-01
-6.115016198483680041e-03
9.940166001635504234e-01
-1.446713121704816876e-03
9.885555937733377929e-01
4.007172342693625139e-05
1.000197375042345405e+00
4.087834345925822968e-03
9.888118423743973429e-01
1.264814951160644733e-02
9.853032578661228280e-01
9.532847876179752558e-03
9.863718968334743709e-01
5.242442724341866804e-03
9.965461632435870243e-01
6.782773752732299856e-03
9.903277348019217108e-01
-6.751587275037956686e-03
-2.793496554998868174e-04
