1.000000000000000000e+00
9.844819757151604955e-01
-9.073593739627549767e-03
9.904037814750626945e-01
1.194181103715366045e-02
9.840482691164896822e-01
-1.208038182964563112e-02
9.855869759788143947e-01
-6.614027974583905518e-03
9.817086110116273190e-01
6.614417066026963450e-03
9.819844367159297205e-01
3.197875618459530746e-03
9.761859104517714991e-01
1.400183427726015180e-02
9.955872142027940574e-01
3.887919353502375689e-04
1.000574278466769718e+00
3.860835232811696965e-03
9.872294937039463036e-01
1.715818237152145695e-02
9.882672074728940936e-01
1.096558492451099945e-02
9.795353824098823603e-01
-1.997416587012397493e-02
9.808329147870853415e-01
-1.594936233615777341e-02
9.872745841021546287e-01
-7.544308968326715256e-03
9.803355803372180155e-01
-5.893585945458424888e-03
9.995960745115483048e-01
5.689490353941436228e-03
9.869704084441909275e-01
1.133913718888585401e-02
9.932123735173851165e-01
1.162431649135799681e-02
9.872722865951258919e-01
1.314225417719919881e-02
9.928142136818731700e-01
5.539040071298756245e-03
9.940646099840496630e-01
-5.221264024139126228e-03
-3.972667313831417272e-04
