1.000000000000000000e+00
9.879321342878835122e-01
-4.516063890223349746e-03
9.913365592874079368e-01
8.529217478127355812e-03
9.912085304335627178e-01
-6.073099215056399977e-03
9.823153441621350623e-01
-3.640087524602309693e-03
9.833854158226256192e-01
1.227583583881991167e-02
9.870810841865871321e-01
7.268685032283337668e-04
9.783605188839454847e-01
9.881487786374196225e-03
9.970457515129705905e-01
6.081654139481538004e-03
9.923986956226572564e-01
7.633640649696951316e-03
9.879153223825166696e-01
2.081018652012158951e-02
9.849194296317730357e-01
1.707317862595369995e-02
9.766201560975549256e-01
-1.201544035155498701e-02
9.867666122675936569e-01
-3.269428162807080322e-03
9.893060920280407622e-01
5.420182800497701714e-04
9.862685938265265406e-01
-4.287934643398827461e-04
9.990660628222480799e-01
5.055278504582413901e-03
9.851759443472468680e-01
1.729963662570149774e-02
9.953539423374083706e-01
1.668390944761271796e-02
9.913753589164525648e-01
6.316541793395984497e-03
9.985278066366937155e-01
7.671686374598449092e-03
9.968117681486210468e-01
-1.373357453033240225e-03
-2.019165024126092195e-04
