8.808514718718132297e-01
9.323594385445080901e-01
8.172808877538599859e-01
8.008763618910479387e-01
8.116855494375995184e-01
7.963619534692041313e-01
7.961905931842540030e-01
9.800583987883206838e-01
9.464942199524840616e-01
8.057774809257599591e-01
8.617949458956337683e-01
7.632581053943305882e-01
8.027988041219707993e-01
9.331514258624159508e-01
8.862864695769596679e-01
9.853077672752461602e-01
8.195073674096174932e-01
8.871882023650067284e-01
8.910454197089099360e-01
9.482517534602842302e-01
9.772342277540392308e-01
