8.836720496522543211e-01
9.352176102169303951e-01
8.139011032972216508e-01
7.965834448598650974e-01
8.166946631053164651e-01
8.015354175002165071e-01
8.049766617284804804e-01
9.803543635873582796e-01
9.493674570622719910e-01
8.002274419981394438e-01
8.559946149689817707e-01
7.632732455889001955e-01
8.043931299801823087e-01
9.356216926736573569e-01
8.801771022462706595e-01
9.830375572587534139e-01
8.207412206890243311e-01
8.896291260947769564e-01
8.902318002361992999e-01
9.468395198703700721e-01
9.793825590411193716e-01
