8.849193916580575525e-01
9.325546371482662522e-01
8.175995747564814842e-01
8.026888667900662355e-01
8.132387051387416355e-01
7.980088029665405314e-01
7.974097577940800763e-01
9.805925942433563192e-01
9.550199793248853597e-01
8.071378624004764690e-01
8.613275677484484305e-01
7.635307809729189321e-01
8.031074764556049850e-01
9.275939861188221558e-01
8.806018803152795282e-01
9.847602114647653337e-01
8.189381483635951309e-01
8.939294462398059693e-01
8.880428770974780894e-01
9.488370880351951753e-01
9.790984565729279332e-01
