8.848349475738698233e-01
9.404578728127898080e-01
8.170929274351896865e-01
8.076310351281109634e-01
8.215315520426966778e-01
7.990194103163310579e-01
7.971354411216942104e-01
9.834785952682425503e-01
9.568835373687329948e-01
8.016354904478493193e-01
8.563550968201948388e-01
7.613823080644470664e-01
8.062679069290793477e-01
9.393281592983856454e-01
8.841752736641305122e-01
9.906054549442064872e-01
8.142012815183807817e-01
8.900539882205089626e-01
8.873279211692259860e-01
9.499789527167015191e-01
9.852163325866691856e-01
