8.942462327245851439e-01
9.347055997193257637e-01
8.216746179133759265e-01
8.071889842768164014e-01
8.154287496851991834e-01
8.016304282815127635e-01
7.941524659702344779e-01
9.828254742077841000e-01
9.487846754951926309e-01
7.977300803892467540e-01
8.569193309191743824e-01
7.597065484602310015e-01
8.064497410994562188e-01
9.346969049747826386e-01
8.964921930673852568e-01
9.843466100090619841e-01
8.146338772225238944e-01
8.887580071473201171e-01
8.896087284908978932e-01
9.540304792951844748e-01
9.890919578369211651e-01
