8.910113377249461175e-01
9.339867185822519069e-01
8.180305794159916655e-01
8.017842604163386566e-01
8.111521289679073377e-01
7.907989278696784252e-01
8.051321324226901055e-01
9.818679061845306810e-01
9.466758413385847337e-01
8.091108221229251773e-01
8.594945768263807517e-01
7.581265538165045115e-01
8.060662743739769320e-01
9.323797277835383923e-01
8.885832395154821262e-01
9.806960899503528450e-01
8.145524867701409155e-01
8.947564744720625241e-01
8.922440030376940223e-01
9.518324877807636808e-01
9.817498117379126477e-01
