8.936381929240567734e-01
9.362585344777952789e-01
8.174924784753407891e-01
7.927212751080350284e-01
8.193946041095593324e-01
7.985579370668672849e-01
8.057587758830387914e-01
9.824429970748460583e-01
9.535364968693388343e-01
8.018865629099397596e-01
8.674432986150572011e-01
7.605459998638792740e-01
8.053928397375569315e-01
9.357458142764906173e-01
8.851561368992475476e-01
9.799666740198680337e-01
8.209453129382866532e-01
8.927369625316374790e-01
8.942421224754035780e-01
9.542922077153124238e-01
9.855161325147572260e-01
