8.819449217990772416e-01
9.317903064418342485e-01
8.187385139943534895e-01
7.995932880549569965e-01
8.181703989984185910e-01
8.029788736894424295e-01
7.946580650420203007e-01
9.843222721082762749e-01
9.518208191465109547e-01
8.058649804777566761e-01
8.629276028048830094e-01
7.563692331047462414e-01
8.077845221479752480e-01
9.381079865979549126e-01
8.896095975514509702e-01
9.838623153938360621e-01
8.179238092684687489e-01
8.867253783252521115e-01
8.846388147791289791e-01
9.520118594997385442e-01
9.812347436821270419e-01
