8.851262632397236541e-01
9.316465545411084515e-01
8.140945562255907930e-01
7.901960227720769003e-01
8.123039687874730186e-01
7.961164520253055654e-01
8.030510266149257781e-01
9.847686882929509444e-01
9.519949123614233066e-01
8.014283730606340805e-01
8.607313257986305421e-01
7.568101226781828172e-01
8.066042551109402492e-01
9.378835548302155711e-01
8.897038889674325768e-01
9.825976302270905682e-01
8.121332532224355694e-01
8.834854877267694917e-01
8.867421399204050703e-01
9.463929889779608695e-01
9.901863812547446742e-01
