8.892882677091604737e-01
9.344048412281404925e-01
8.144102194628892732e-01
8.026885189899005679e-01
8.088903313761831582e-01
8.005061778669791961e-01
7.983842315923488364e-01
9.797973784418693155e-01
9.510314813953058000e-01
7.988636386766128084e-01
8.577274012542026593e-01
7.587918082122638852e-01
8.026592450670719803e-01
9.339074219243873598e-01
8.877650673009342963e-01
9.853272713570498942e-01
8.204296694388495403e-01
8.869533764552414157e-01
8.872492212093432418e-01
9.523735119796908899e-01
9.753925188960951287e-01
