8.849873452555658826e-01
9.392360567389560488e-01
8.177222264142345320e-01
8.028937734722819686e-01
8.229010243902600275e-01
8.034033946587615382e-01
7.931483772967490298e-01
9.824347837581896004e-01
9.500524637501061020e-01
8.017297325711062461e-01
8.557954692510532091e-01
7.535221000171220540e-01
8.075153791612699195e-01
9.401949554778357143e-01
8.920624529382428225e-01
9.827429557628855061e-01
8.132884532174525782e-01
8.907488636057032672e-01
8.883112423608487962e-01
9.480996290265347737e-01
9.809257547171715830e-01
