8.869249227452955520e-01
9.359814958397497664e-01
8.190359374417829352e-01
8.052989286462340912e-01
8.206900894606230512e-01
7.958754377491882304e-01
7.989924149965850209e-01
9.823407416525873348e-01
9.430076429501718094e-01
8.035105761105548750e-01
8.532892050586231569e-01
7.629112450855760619e-01
8.025512918825915554e-01
9.294391458803390460e-01
8.875188214355426153e-01
9.884205335325227937e-01
8.147374858348912507e-01
8.933096812033625156e-01
8.868595054833579017e-01
9.531348341890769627e-01
9.824263501827179557e-01
