8.875241599876210197e-01
9.394853747735567584e-01
8.186632792935620850e-01
7.968048025834530979e-01
8.162463381453801681e-01
8.048288167788643088e-01
8.023602817666903864e-01
9.826005015054132263e-01
9.499516529607091586e-01
8.062337488155998377e-01
8.598613366107188405e-01
7.596250267238017218e-01
7.998571613202197783e-01
9.327315858467351006e-01
8.871567999698896090e-01
9.832806447962146867e-01
8.139327190412971591e-01
8.945942570465684751e-01
8.902605558094579541e-01
9.547163196297620003e-01
9.862953242287552102e-01
