8.870346698826641063e-01
9.343232123247091625e-01
8.228283512588887572e-01
8.013116397165787053e-01
8.171768813260917863e-01
8.049590269887886285e-01
7.983404668996224585e-01
9.820687054531579419e-01
9.483290547099438861e-01
8.086765835127216473e-01
8.599362150988318909e-01
7.591091437451159551e-01
8.061071859237700643e-01
9.304181460374546520e-01
8.862996939416996067e-01
9.843195562573698876e-01
8.178051137896684697e-01
8.965582079842987495e-01
8.913434885966693422e-01
9.541548613567198966e-01
9.813803752064875763e-01
