8.936027934327681610e-01
9.356728453988110150e-01
8.163605144689611848e-01
8.075991991405974124e-01
8.143974809243654800e-01
8.005491047512255376e-01
8.048937299533062140e-01
9.778235661533705159e-01
9.514483221262935997e-01
8.039964331697837530e-01
8.590088890725912085e-01
7.666757353725609514e-01
8.070420726492767427e-01
9.337288370048648645e-01
8.887074539449008048e-01
9.825781571113350044e-01
8.191662612692086620e-01
8.880019821493548848e-01
8.909375499164782219e-01
9.536478763093135802e-01
9.781689556107515671e-01
