8.850116739681138656e-01
9.354032392225406500e-01
8.164960045179637804e-01
7.981248339150813775e-01
8.137798844017772870e-01
7.978692695644974409e-01
7.975437914781953186e-01
9.837248377571717883e-01
9.447294062597110242e-01
8.047607939368116581e-01
8.645986353488332998e-01
7.631152327435892779e-01
8.056092244163853833e-01
9.319835763680439644e-01
8.886190857278701838e-01
9.826483750905856684e-01
8.174268911026092432e-01
8.880260230078429462e-01
8.895472576843307388e-01
9.463812646941893725e-01
9.868253151855851391e-01
