8.873950803494167205e-01
9.295792472095864012e-01
8.141220296159021874e-01
8.057138308941068638e-01
8.145830598497483255e-01
7.993819060310614066e-01
8.022583790250098490e-01
9.899481254578271772e-01
9.520748113983281691e-01
7.997481048538989112e-01
8.627244734989178987e-01
7.646186595007129494e-01
8.005656185548255532e-01
9.333026356912631494e-01
8.881697546968028156e-01
9.805817242680977541e-01
8.179540147744621681e-01
8.881143363764240073e-01
8.847584107116656105e-01
9.507306317711139432e-01
9.799279909194096305e-01
