8.853690395595179563e-01
9.326658258303478499e-01
8.176669495944439703e-01
8.001003943735691681e-01
8.212603024515925387e-01
8.006188987704383475e-01
8.014797182776525197e-01
9.799351854964436503e-01
9.486975607562132540e-01
8.035962196393530155e-01
8.622552804822342098e-01
7.601611253399649382e-01
8.014440156036135576e-01
9.376348487633944240e-01
8.917795725282718911e-01
9.851500620049381540e-01
8.133436287879221016e-01
8.914216423562671965e-01
8.947776392282056346e-01
9.405234389975639653e-01
9.811949098967009952e-01
