8.877795385958378027e-01
9.379520012474547030e-01
8.196596832601137361e-01
8.030231828667958593e-01
8.184533406587070070e-01
8.019656022197156897e-01
8.042122685888897227e-01
9.821378708898625964e-01
9.556136475609907643e-01
8.070327108969703733e-01
8.695466574235578561e-01
7.555470866184039735e-01
8.013006871885730575e-01
9.407071932377716328e-01
8.885756345746814722e-01
9.825803014743599295e-01
8.174685863292500132e-01
8.918498489915164251e-01
8.936855568707541275e-01
9.503532768480493775e-01
9.849292066836701220e-01
