8.890714993952347767e-01
9.376135293852722041e-01
8.218289021847615672e-01
8.046499634649195709e-01
8.157691918498468642e-01
8.011181086440990473e-01
8.009086503355218323e-01
9.880464934599023641e-01
9.537970045201202840e-01
8.036487556339506622e-01
8.662404173216603498e-01
7.634805318632532645e-01
8.066242103024693355e-01
9.394440318708759952e-01
8.911628231083088547e-01
9.859363584252691659e-01
8.150148713438136738e-01
8.928286816401662662e-01
8.877353880180671730e-01
9.528316231355400401e-01
9.887369972824338049e-01
