8.896813728269478139e-01
9.368500398913852667e-01
8.211037893852313196e-01
8.070712840122288290e-01
8.204179495925295607e-01
8.039988963512004760e-01
8.013866706935943718e-01
9.862554845364073230e-01
9.527300554936444232e-01
8.050371968997120931e-01
8.649079958857212036e-01
7.547483395786284133e-01
8.061799174550772218e-01
9.384460062101334099e-01
8.946209008461327716e-01
9.902348170557564444e-01
8.203074472045862597e-01
8.923826142549202700e-01
8.927121359679638379e-01
9.568115060041347819e-01
9.865983829011465422e-01
