8.865150046673553330e-01
9.270692755164677834e-01
8.184876297630864217e-01
8.006158693541436389e-01
8.091679415935405517e-01
7.916006491320576322e-01
7.954974533581578022e-01
9.808171994769431246e-01
9.449296481752409438e-01
8.000885401458278645e-01
8.563663391016885784e-01
7.626287238079721975e-01
8.064131303835654352e-01
9.343770922293764825e-01
8.926905376133906778e-01
9.775788082086254160e-01
8.149455229359959807e-01
8.907600043259904510e-01
8.883904956916471862e-01
9.433017559611596159e-01
9.821300563700787745e-01
