8.862142385056041016e-01
9.323141888844710401e-01
8.181742347955294203e-01
8.078501402911105744e-01
8.159219280919463024e-01
7.995264313405058276e-01
7.987070406742620143e-01
9.881805411833368691e-01
9.431942569976529134e-01
8.064227281882141440e-01
8.581252023845217236e-01
7.578934342721596051e-01
7.991110378916425061e-01
9.305792767684053501e-01
8.903828576664446492e-01
9.849267413208757649e-01
8.137184991303504367e-01
8.946500323528661092e-01
8.833911451444446117e-01
9.425659657585533369e-01
9.808227564361980955e-01
