8.889012312324643394e-01
9.340378209122820463e-01
8.129281074333851720e-01
8.011907078264601800e-01
8.174839479669570030e-01
8.055865940199166131e-01
8.067763631928006607e-01
9.862875009851932440e-01
9.523543031017178695e-01
8.078783698768924326e-01
8.649884359511620380e-01
7.636014118325973321e-01
7.961104025881808877e-01
9.417665956620988599e-01
8.897630865902549369e-01
9.808560818785064805e-01
8.098705247703634758e-01
8.900461307964877555e-01
8.882503553295472143e-01
9.537008854338167030e-01
9.880312344727506524e-01
