8.896712559707032897e-01
9.318630655957836906e-01
8.199067713568883864e-01
7.962378658496127581e-01
8.155452483451054446e-01
7.959834350755179422e-01
8.049029572884210948e-01
9.844015033689388350e-01
9.461734488876030191e-01
8.065172846017789610e-01
8.574250531088611904e-01
7.559204673315900180e-01
8.038684240670722625e-01
9.360905019920922054e-01
8.872023851771451142e-01
9.846758675327204058e-01
8.160951999633788700e-01
8.897328742897442355e-01
8.928556540601729763e-01
9.461494182348954007e-01
9.835688970844850276e-01
