8.866934485201309890e-01
9.382524728572604333e-01
8.163065704600892536e-01
8.007796406369266373e-01
8.170241681037401227e-01
7.948753811266342506e-01
8.022052792351973549e-01
9.838975110693277681e-01
9.496087116356348723e-01
8.022315139693190211e-01
8.568494904008693291e-01
7.632660386615076620e-01
8.071651672847803827e-01
9.348198110522534243e-01
8.803916521577653809e-01
9.853319544759754356e-01
8.121559537152397423e-01
8.884678786584959687e-01
8.910980285664921174e-01
9.494542655546308607e-01
9.855092326017776960e-01
