8.895103731756296428e-01
9.355569494170753453e-01
8.210230842647673333e-01
7.975657158373655742e-01
8.188595215109583103e-01
8.061315123147922979e-01
7.987748002240673273e-01
9.774073328627468360e-01
9.469907612801213848e-01
8.076242925153950258e-01
8.604307169647675835e-01
7.585826485574225231e-01
8.049151262840651411e-01
9.298144103019742035e-01
8.902925684057617639e-01
9.815135967135162343e-01
8.086445039152400094e-01
8.948989315673986367e-01
8.838018341790170318e-01
9.511496284311250493e-01
9.830090319498284712e-01
