8.873977124398465532e-01
9.362279226497838280e-01
8.208429425288967796e-01
8.029344030817495703e-01
8.177620860284190440e-01
8.060248389656733403e-01
8.066694282586052145e-01
9.815302715179166082e-01
9.568217015468231113e-01
8.058443649477536885e-01
8.658502479252679906e-01
7.596900175153322721e-01
8.025227161440119383e-01
9.357947618922738409e-01
8.913225952525116735e-01
9.897442317831697256e-01
8.186498956146612827e-01
8.886432075236941897e-01
8.968739222620527585e-01
9.517924892858272701e-01
9.865820151501362156e-01
