8.929545452434564101e-01
9.374828139316830899e-01
8.200953348422647116e-01
8.005851158912654641e-01
8.112612223875119710e-01
7.988315763545832393e-01
7.991514661299020661e-01
9.804890693311816285e-01
9.513713818173834547e-01
8.018378898438890401e-01
8.615650009770686735e-01
7.597589731373729505e-01
8.011110615830917547e-01
9.274861222512096326e-01
8.891970996285641915e-01
9.832736301363554920e-01
8.074779804074349032e-01
8.852826911062600113e-01
8.893542721166195486e-01
9.522497539998466820e-01
9.855533302657065731e-01
