8.897504857441166370e-01
9.375394462013257879e-01
8.221797049074461849e-01
8.039371100962618977e-01
8.232426659523626178e-01
8.001432690084627763e-01
7.958193963498126910e-01
9.812651781654452288e-01
9.515010261637947275e-01
7.984402022854930614e-01
8.580770202225673771e-01
7.551394175049965796e-01
8.019677918118108817e-01
9.323294944250749561e-01
8.829030463321898559e-01
9.826869917985766589e-01
8.142614580856325501e-01
8.884422435650596306e-01
8.861737494186180397e-01
9.463376195583630413e-01
9.858000593522852073e-01
