8.867189608848193849e-01
9.422690016412524905e-01
8.169291398621076894e-01
8.023403192928523220e-01
8.145340902010157480e-01
7.998962350539565724e-01
7.996964200821874424e-01
9.797594342807317558e-01
9.507315279016134157e-01
8.047420884811457009e-01
8.625604224096546924e-01
7.577174647591219392e-01
7.986313840827512500e-01
9.386350774625032978e-01
8.868735778905356693e-01
9.812898682685020635e-01
8.090276265766335184e-01
8.853743425389667410e-01
8.889964200872704225e-01
9.477793063494371895e-01
9.861895558128133121e-01
