8.853380628087350601e-01
9.379644049685660345e-01
8.221498724060524177e-01
8.037117320402078491e-01
8.158349852897025523e-01
7.992979448737578263e-01
8.024925661569575208e-01
9.774584882024036636e-01
9.522377693835922807e-01
7.996180406319894907e-01
8.629928519329107539e-01
7.633042763182636969e-01
8.018297638945303119e-01
9.348491127319614735e-01
8.912153198895839123e-01
9.863150089322562097e-01
8.165888211714197320e-01
8.873254847286968783e-01
8.928562624772029555e-01
9.531141947658101632e-01
9.870178681920178665e-01
