8.932384931680360518e-01
9.313677215722973024e-01
8.100340998976910400e-01
8.020657763639811311e-01
8.207214528991411129e-01
8.027501352787750344e-01
7.971557452507835873e-01
9.826741297402886710e-01
9.577831682582524930e-01
7.990949529980183597e-01
8.579112923130041146e-01
7.540248329979992725e-01
8.038286509079459741e-01
9.351723440303031376e-01
8.841254777140034049e-01
9.837243635155538124e-01
8.140589494053490638e-01
8.858924698215113747e-01
8.925411004581035312e-01
9.470558691219564951e-01
9.811231670003653926e-01
