8.906421301782261324e-01
9.384512241199646221e-01
8.165112680541183332e-01
8.011140831329085499e-01
8.177422977723552977e-01
7.958322792275955848e-01
8.062736834701778044e-01
9.837293509471126685e-01
9.579535013484706818e-01
8.062158769268301661e-01
8.641171338125666068e-01
7.616424358793654203e-01
8.009260116393350781e-01
9.340809988529208407e-01
8.897849605623121549e-01
9.900667855844870191e-01
8.228752551720973640e-01
8.969683202316487414e-01
8.945442145716031579e-01
9.504556016857561573e-01
9.886444139504048101e-01
