7.395230927372126173e-01
8.131897953445421656e-01
1.120978055511747007e+00
1.000895753424892787e+00
1.129113594144064647e+00
1.111382990768400081e+00
1.128757981242295205e+00
1.235449391050789991e+00
1.233400733870659405e+00
1.265807983705623530e+00
1.388499462989040589e+00
9.914404526509963400e-01
1.127747797290457044e+00
1.102117374177128628e+00
1.232296899702266302e+00
1.264675146611669243e+00
1.111632444722418844e+00
1.092706102076191677e+00
1.121416640892756389e+00
1.026274712625850016e+00
9.862754599491226903e-01
7.042374984758965617e-01
8.010589900300409960e-01
7.966443091157392464e-01
8.907420709357255495e-01
1.098343233980093370e+00
1.131215407926769778e+00
1.111955651234026066e+00
1.371114047342385733e+00
1.233065406719009660e+00
1.028738828021751761e+00
1.011223808875761021e+00
9.045409014034462292e-01
8.945011909965604469e-01
1.252737287469740890e+00
