7.388688662188951373e-01
7.979774849291323413e-01
1.090535054261723813e+00
9.701540188532972175e-01
1.116043418900926953e+00
1.098162064407413263e+00
1.123305669789653516e+00
1.212949410030756514e+00
1.214450385845626812e+00
1.236925920059124051e+00
1.398590110596969804e+00
1.006993823917794684e+00
1.157863234043372325e+00
1.112251646832118634e+00
1.251811941449341381e+00
1.274978916771530635e+00
1.104526781013223546e+00
1.081139727597956846e+00
1.101148114289093094e+00
1.018506753734404136e+00
9.971253574398001307e-01
7.179366341902102544e-01
8.254990381843203551e-01
7.993649457395893831e-01
8.996656354727428084e-01
1.098450732889037829e+00
1.113419914337183014e+00
1.089844559300215954e+00
1.330650530259941622e+00
1.220954418595571189e+00
1.030945515718296734e+00
1.009116458914245618e+00
9.015540076264033642e-01
8.934092786440390732e-01
1.240835198934773898e+00
