7.380726609776663283e-01
8.020633695581745881e-01
1.101759700460111624e+00
9.830509478689791747e-01
1.125354416723412410e+00
1.096501233374407080e+00
1.118816687560971301e+00
1.237114968625149469e+00
1.232777392074536182e+00
1.259101426569108728e+00
1.403074195176530869e+00
9.952272105400945534e-01
1.138106514200815100e+00
1.122853711302483903e+00
1.254032046606439410e+00
1.280809941029547927e+00
1.128238556392693992e+00
1.101858245216202681e+00
1.125386705943722587e+00
1.021353437095624983e+00
1.000386927331687659e+00
7.095934730834577708e-01
8.114659100934304981e-01
8.054644789824983997e-01
8.995635485548201249e-01
1.104649800490623335e+00
1.135106944378228677e+00
1.108566037544628680e+00
1.361301549147562628e+00
1.227984173286347014e+00
1.044545150332665040e+00
1.020121746303845667e+00
9.119406494472127589e-01
8.939527588264833957e-01
1.260297180716781540e+00
