7.339502381280545995e-01
8.068022980384317311e-01
1.095699790654178774e+00
9.724140405816149579e-01
1.127419759599779692e+00
1.100973956360830286e+00
1.113284294788473128e+00
1.225689286178142545e+00
1.213751454964046239e+00
1.241274361740792864e+00
1.397392846228699526e+00
1.004813513474801967e+00
1.144866536606774510e+00
1.118636050342178834e+00
1.248183802691787303e+00
1.276487493946887986e+00
1.113277275176923764e+00
1.090243939167993226e+00
1.114966201851107952e+00
1.022675900131103877e+00
9.889050887140831136e-01
7.110850748704088398e-01
8.101976097876886218e-01
8.057640201164140148e-01
8.990784790043928609e-01
1.100556576713794810e+00
1.133147141730207030e+00
1.109702704800617168e+00
1.358380428945222818e+00
1.224094005600613766e+00
1.030827027301542742e+00
1.009499559458322704e+00
9.099058408121025732e-01
9.013434748801080199e-01
1.253497198138514346e+00
