7.303304992425863063e-01
7.998827851874211747e-01
1.108168272321391701e+00
9.764846668588097467e-01
1.117654131106792681e+00
1.103628644757035593e+00
1.120480777122395688e+00
1.228351448961308323e+00
1.220579272950800709e+00
1.241660689863000933e+00
1.397272390160158473e+00
9.959034853480813743e-01
1.147463769939980338e+00
1.108452100318805256e+00
1.249972799754452968e+00
1.271561891347683604e+00
1.113011568516990124e+00
1.089335308442753503e+00
1.108149925652288204e+00
1.017271649109061871e+00
9.937712145899588734e-01
7.083087186280796477e-01
8.161017653977415964e-01
7.949772792531555332e-01
8.964753417882860287e-01
1.112879003123730781e+00
1.122359867026547109e+00
1.098484747611559120e+00
1.363652243273054898e+00
1.241393880286504325e+00
1.024767199888265923e+00
1.002968096063648673e+00
8.987054118925781321e-01
8.960458616976246793e-01
1.257170158843014418e+00
