7.388972620512564982e-01
8.061880862921056989e-01
1.113809426510384171e+00
9.739680725820453189e-01
1.123445327960577167e+00
1.119126675462772669e+00
1.125020345140593347e+00
1.257139274999560685e+00
1.240170764164217010e+00
1.239056937409702908e+00
1.393527573853925450e+00
1.004773930643635849e+00
1.155089552533380193e+00
1.128684355759347113e+00
1.273317677525561020e+00
1.272174080742597413e+00
1.123321695892664174e+00
1.102354076991588272e+00
1.101364026669987561e+00
9.991018763006686010e-01
9.979326352641524345e-01
7.195384686066000901e-01
8.271824560584956076e-01
8.075416926312437571e-01
9.110227383939357715e-01
1.118757504050065466e+00
1.122305099538407624e+00
1.101356456149876539e+00
1.352491818287488545e+00
1.228023689092931248e+00
1.028628652960053458e+00
1.009428548782546065e+00
8.972383225471236567e-01
8.888576845079988464e-01
1.232762569586572932e+00
