7.347964231681219927e-01
7.934864208711530642e-01
1.099574654870903112e+00
9.772461633111119150e-01
1.127356087727053202e+00
1.113329478924688587e+00
1.132258371619575987e+00
1.233557315209770966e+00
1.222835635978357649e+00
1.246103950684985362e+00
1.420762924322449328e+00
1.012509222536963849e+00
1.158621454990675703e+00
1.121849534950037697e+00
1.251307686729757007e+00
1.275117772233484770e+00
1.107989448371747843e+00
1.079996992408385204e+00
1.100547350250601575e+00
1.019028162102923352e+00
1.013162129558587976e+00
7.220317918927070533e-01
8.262260793794522495e-01
8.060376519688962071e-01
8.990520370873116285e-01
1.111184549793635901e+00
1.116346483658260169e+00
1.088142893967418701e+00
1.344891643493273836e+00
1.235951317560635365e+00
1.033776233130521360e+00
1.007658713938977657e+00
8.987307635820126483e-01
8.918999569495494883e-01
1.251522813652640398e+00
