7.359214403431668661e-01
8.064495082583992280e-01
1.096096922672273655e+00
9.856005026602956409e-01
1.135038118879184266e+00
1.098019370818237750e+00
1.133677924734641351e+00
1.215606364502266779e+00
1.230234290668582808e+00
1.244260805100110279e+00
1.407450940518770732e+00
1.001753903424230874e+00
1.150240814279883894e+00
1.109031819502449112e+00
1.248207856375865177e+00
1.262439296390016397e+00
1.107090090401961158e+00
1.085170897154535741e+00
1.097543471521113867e+00
1.011401498509608698e+00
1.001727187213996784e+00
7.129798212276753366e-01
8.186626349353443022e-01
8.084651597362911835e-01
9.099221016415379726e-01
1.100711463654175715e+00
1.133924321089761378e+00
1.111473838931712255e+00
1.344523881612243121e+00
1.209676588433719280e+00
1.034756932791314199e+00
1.014269858278949332e+00
9.027157462677334321e-01
8.900153533099119940e-01
1.250459760436489098e+00
