7.357644207280472637e-01
8.013238397846798033e-01
1.094098218075387319e+00
9.716044363824075658e-01
1.121980429336718377e+00
1.096147701779276007e+00
1.109540493144952844e+00
1.216247400270073165e+00
1.210199364426396196e+00
1.230579276617417284e+00
1.400158554671480537e+00
1.001873217294416252e+00
1.141967298210499138e+00
1.111643708194275826e+00
1.245567968928130265e+00
1.266543492945807481e+00
1.109565251376115169e+00
1.090721223698766895e+00
1.109089108707862037e+00
1.016840127990548792e+00
9.970806242248425599e-01
7.134537510492525714e-01
8.132175193624691101e-01
8.032427126356067593e-01
9.000126450218739471e-01
1.089498073772803943e+00
1.125851131141022865e+00
1.106730516242996121e+00
1.339737582912537528e+00
1.210536407237172485e+00
1.033740872544833600e+00
1.016184589496782920e+00
9.009531597201786424e-01
8.866038405151693835e-01
1.239064914075952206e+00
