7.226941974484357711e-01
8.008764398031410492e-01
1.104974436657300219e+00
9.821720732358951711e-01
1.119498740119020619e+00
1.097862306928222065e+00
1.126462016590581872e+00
1.221282514678179387e+00
1.221132990454724343e+00
1.232694936516377959e+00
1.397842019668100733e+00
9.935635346003177659e-01
1.146909026724109992e+00
1.105258614283174845e+00
1.243298423698345312e+00
1.255070236781526960e+00
1.112418658488497192e+00
1.084042757296583614e+00
1.094306703964442073e+00
1.009468212022794020e+00
9.825164870628619873e-01
6.983568528874591896e-01
8.061404737176353086e-01
7.887767363522598663e-01
8.872899611759385019e-01
1.087845769588393186e+00
1.129475186061318803e+00
1.100664201964789646e+00
1.349449388853573462e+00
1.226031869161074539e+00
1.019214853328871850e+00
9.932164221171123630e-01
8.825898687982759450e-01
8.886178773775931239e-01
1.250194240397878298e+00
