7.283846580775773516e-01
7.927627057873172234e-01
1.102461232004830816e+00
9.714208026227225679e-01
1.121069270169231524e+00
1.099880902185389697e+00
1.125520163088683967e+00
1.212708660563814211e+00
1.215372385089152019e+00
1.239126758242412807e+00
1.414129678383221567e+00
9.976594824883330270e-01
1.158632963232732127e+00
1.100001184040274804e+00
1.251128637360646056e+00
1.275581864107619978e+00
1.102581796041956164e+00
1.079831730205430551e+00
1.100936970193378439e+00
1.019544934083324694e+00
9.958376647357159994e-01
7.025571306717099951e-01
8.159155147006468267e-01
7.869367752861133880e-01
8.950527959764886798e-01
1.108022092108581713e+00
1.120103605714923845e+00
1.096992004502913121e+00
1.358010813797439154e+00
1.237940484728330626e+00
1.029143116728560514e+00
1.007908344174877513e+00
8.972236061985768840e-01
8.901837269073186176e-01
1.261788465432788886e+00
