7.301410163825849953e-01
8.049704284353255135e-01
1.111829651626230930e+00
9.820462120217420265e-01
1.122203093353280279e+00
1.101775107440582602e+00
1.115994842444475887e+00
1.239375827712453360e+00
1.231613081068372084e+00
1.253533635893110398e+00
1.394092321545998825e+00
9.909567583748625230e-01
1.136397481893416384e+00
1.114717372305789267e+00
1.254129455408056204e+00
1.276450762243108938e+00
1.124890024599953575e+00
1.103601051032320202e+00
1.123243216023623869e+00
1.017798247811498857e+00
9.933999046734840466e-01
7.061342596116233494e-01
8.097721598037354029e-01
7.975482031344816036e-01
8.972935369166729069e-01
1.115192622861828964e+00
1.129456887664870068e+00
1.108081484468606437e+00
1.377168391578340145e+00
1.242840360462098559e+00
1.024463471935100900e+00
1.005075109252457022e+00
9.043895597551594445e-01
8.998228604306155454e-01
1.265883833856800811e+00
