7.435308422766623293e-01
8.160786523504025558e-01
1.116755332763836650e+00
9.968165629415166595e-01
1.120537185447006312e+00
1.103226026421252559e+00
1.126613863099604540e+00
1.229497783524848842e+00
1.219699795561843159e+00
1.256483634265845861e+00
1.373074987588178253e+00
9.878851652231642744e-01
1.130211821295452390e+00
1.100955372634745633e+00
1.223595033335539650e+00
1.260496345042737554e+00
1.114456833032854144e+00
1.082624522483804030e+00
1.115274430237291892e+00
1.030158108444265697e+00
9.832068793855026634e-01
7.073870686381014128e-01
8.093017846114864966e-01
8.004257271655027539e-01
8.895882327817322688e-01
1.093877814929983039e+00
1.131524398242852003e+00
1.099204585603117623e+00
1.351631536874851269e+00
1.229645103903229009e+00
1.030934072909505561e+00
1.001487428955477599e+00
8.999103971798838586e-01
8.985738324428741430e-01
1.248939955029937598e+00
