7.379179922682892467e-01
8.081372672967304105e-01
1.094630858179442834e+00
9.837791863467754139e-01
1.122913303286657616e+00
1.084785607383819128e+00
1.126817887230829873e+00
1.220478307733197321e+00
1.232870543895517201e+00
1.241032674206846487e+00
1.389508130274542008e+00
9.910058713199461078e-01
1.145397161140624398e+00
1.114967935184159042e+00
1.253198442298553150e+00
1.261495151991750774e+00
1.125087113458878463e+00
1.094116944598131358e+00
1.101360466735845867e+00
1.006620427709741028e+00
9.965405923069975413e-01
7.107389704799812469e-01
8.214667769984939083e-01
8.017468071647846362e-01
9.011450626970656241e-01
1.092043005783269960e+00
1.128046780132716753e+00
1.096995140801315216e+00
1.329381828165245416e+00
1.211839304223517377e+00
1.030030477328056637e+00
1.001676923693890053e+00
8.961694824035690843e-01
8.946691904399268758e-01
1.254432642630701311e+00
