7.370927704029038852e-01
7.948030927766647213e-01
1.103523826810513420e+00
9.747611760988666996e-01
1.115394197588057024e+00
1.099712062139194924e+00
1.107219940793657820e+00
1.230007595415077981e+00
1.216596512309967792e+00
1.241151016159947718e+00
1.403359156154512455e+00
9.965458247672499548e-01
1.135888428819980422e+00
1.114618067622642261e+00
1.248097013033449665e+00
1.273287289843868297e+00
1.118481498713788769e+00
1.098784864223009361e+00
1.120961581734418511e+00
1.020182947757558356e+00
1.009894865984238832e+00
7.171410880363880969e-01
8.174157610084391568e-01
8.048883541996527669e-01
9.012762127969554671e-01
1.111477832844773639e+00
1.122357047486327142e+00
1.102592163974252859e+00
1.359746026273768837e+00
1.233226636921320507e+00
1.040863168540011818e+00
1.022533405008632323e+00
9.082350024532548360e-01
8.882203730503919203e-01
1.250812719519818650e+00
