7.338474790628292110e-01
8.070067960645845861e-01
1.092312139645326807e+00
9.784932098973666559e-01
1.118944135468546541e+00
1.090200311133916689e+00
1.123941220253868556e+00
1.220139177071090542e+00
1.228264137447979465e+00
1.238784187294300176e+00
1.386536198858723923e+00
9.980666437415081083e-01
1.148644884691389700e+00
1.117024276107807079e+00
1.255260767294247293e+00
1.266012042561067252e+00
1.119188065358396988e+00
1.092818837243594965e+00
1.102178801676560793e+00
1.008564973547284804e+00
9.926350193037254410e-01
7.145258111488381747e-01
8.223262675920501863e-01
8.064844748222468329e-01
9.062903486786596519e-01
1.093125551211918678e+00
1.128698868870187555e+00
1.102105556390013508e+00
1.329308808792923013e+00
1.206153803585857887e+00
1.026376510805945941e+00
1.002194018888066473e+00
8.930688242148866474e-01
8.911137039170777818e-01
1.237954815470323044e+00
