7.331305154524496714e-01
8.111322585958982145e-01
1.108106800055737473e+00
9.878795431840791119e-01
1.129243563065305045e+00
1.097974440599604806e+00
1.125974498596623574e+00
1.236956155785154499e+00
1.232963698204470493e+00
1.251382609923888056e+00
1.392181794150401331e+00
9.908561526238959249e-01
1.139789265164297571e+00
1.116278824137652004e+00
1.248091132882911625e+00
1.266736029263750618e+00
1.126580100634812398e+00
1.095019203135767949e+00
1.111377399295960133e+00
1.014938729944961260e+00
1.001566013805401223e+00
7.128435748893718893e-01
8.199893115147756095e-01
8.114021994193252318e-01
9.072141013507859508e-01
1.106399395622743365e+00
1.138261223081443951e+00
1.106373081467219244e+00
1.349285143215926741e+00
1.219557096803701501e+00
1.028801441878019585e+00
9.999797923249297282e-01
8.926956431351817933e-01
8.927136828032147253e-01
1.254288761589125167e+00
