7.277780189489024831e-01
7.904958017021745942e-01
1.097617835380107598e+00
9.675719737345728211e-01
1.120317258302246488e+00
1.091209765339844706e+00
1.114138065902313901e+00
1.220873520785336286e+00
1.214353344308907401e+00
1.244651026318583709e+00
1.417233660052168664e+00
9.941618386348070047e-01
1.151478232262179269e+00
1.112293807035802162e+00
1.255052210350640296e+00
1.286365314524932746e+00
1.118825691965017688e+00
1.089948706963379532e+00
1.117142537725403395e+00
1.024949642665099914e+00
1.002897710335070469e+00
7.035132312851293257e-01
8.148373237154874493e-01
7.966553697486304930e-01
8.989028585489039491e-01
1.105012316035757447e+00
1.132395716699394095e+00
1.103168488220563237e+00
1.356114016718248605e+00
1.229290023417630939e+00
1.042551661363795290e+00
1.015643315492902987e+00
8.991745038602281248e-01
8.853250842534700071e-01
1.262080740511549060e+00
