7.359060512599108206e-01
8.049011146866194011e-01
1.122378955046919868e+00
9.883659363922830954e-01
1.132583826287897555e+00
1.123366829403793288e+00
1.138682783785785135e+00
1.243905192929429582e+00
1.229392785344566086e+00
1.244665899062832093e+00
1.407109277925224333e+00
1.000880161154511505e+00
1.152086228246782751e+00
1.108275584940408454e+00
1.243863977983777236e+00
1.259316871649877934e+00
1.107300981630025660e+00
1.079662222745826350e+00
1.093075188969384826e+00
1.012423298640056313e+00
9.927584755785850978e-01
7.061514543417032330e-01
8.128319425025763989e-01
7.943511871753682341e-01
8.915335147883974853e-01
1.107017325061494972e+00
1.124902005499496704e+00
1.096823916692436729e+00
1.361926453890542232e+00
1.241700179184224817e+00
1.028476887181096755e+00
1.002805615165311748e+00
8.929692723498222628e-01
8.904709535383055208e-01
1.251888077191331439e+00
