7.327121770856187544e-01
8.019146024495572567e-01
1.108453446921718433e+00
9.755093590050954999e-01
1.118273944835691758e+00
1.097121016807648175e+00
1.115025932250712337e+00
1.220525756280661955e+00
1.215366920250411598e+00
1.243975223555471743e+00
1.394505027617369608e+00
9.897763589932067063e-01
1.143019205256941007e+00
1.101106915829599631e+00
1.245879302982743742e+00
1.275205831776109244e+00
1.112480517265170166e+00
1.089989824539020491e+00
1.115646898942046716e+00
1.023538820111350223e+00
9.907936912785441086e-01
7.032345906580664829e-01
8.121133987689945766e-01
7.934866987195686727e-01
8.978135010458900833e-01
1.105707950481956248e+00
1.128338550549748742e+00
1.105527260610156270e+00
1.361519157494500254e+00
1.231556385812737187e+00
1.030966880185902212e+00
1.010124124781879740e+00
8.999941935333489740e-01
8.909738629672748766e-01
1.255301281036216077e+00
