7.368044480988460432e-01
7.955432516729105119e-01
1.109395365541936851e+00
9.789333601464228485e-01
1.126180773936182877e+00
1.096152504773748815e+00
1.125132275771298707e+00
1.219851637247387988e+00
1.223262010268407529e+00
1.242037323750579514e+00
1.415612251839218461e+00
9.880629925277188974e-01
1.149345115384573512e+00
1.099564388978219398e+00
1.249586601160920241e+00
1.268765959273063570e+00
1.112848469473845192e+00
1.087216175920150407e+00
1.103903381403880113e+00
1.015348562552067069e+00
1.007816877246826337e+00
7.034317189319851948e-01
8.182533059888593696e-01
7.989999005796928344e-01
9.080137371683003611e-01
1.108928321079022838e+00
1.135859926522517327e+00
1.109697608946370817e+00
1.355238424290730936e+00
1.221268220607859778e+00
1.051993897904516917e+00
1.027763270692050979e+00
9.000810083284370711e-01
8.757668560410433178e-01
1.254723940216427414e+00
