7.370447268724319434e-01
8.032371782130733884e-01
1.112598975150651537e+00
9.850454071058680761e-01
1.131318679250564063e+00
1.121419365221560938e+00
1.129147961921308951e+00
1.230462788090916915e+00
1.230137152245280641e+00
1.250210247363342519e+00
1.408449098144783473e+00
1.007927735210896403e+00
1.146290266190696849e+00
1.105935575686024519e+00
1.248812636830122669e+00
1.269190474210267539e+00
1.097236971512269399e+00
1.089438402875149370e+00
1.107215608161785436e+00
1.016317769999405263e+00
1.000287792234764161e+00
7.158354606597593373e-01
8.141012416695970755e-01
7.975517228225352806e-01
9.005883270990643341e-01
1.098046330886265576e+00
1.114155091014157328e+00
1.106236277507814059e+00
1.348783510800622976e+00
1.219254456054570834e+00
1.022340794255698126e+00
1.015074547253883575e+00
8.935059230963940946e-01
8.802367525750957045e-01
1.230017408002846757e+00
