7.331280883183288744e-01
8.032884151015858842e-01
1.101239983223412100e+00
9.710132476223919396e-01
1.127088671283859034e+00
1.099663781830260589e+00
1.126308588545462008e+00
1.229946557329257839e+00
1.226958811493388479e+00
1.248230386436702588e+00
1.403093397209425053e+00
9.985687030827395949e-01
1.159931227821375144e+00
1.116874229111362471e+00
1.263586067952935821e+00
1.285492643373404409e+00
1.118475099072697709e+00
1.089362918805323321e+00
1.108249017304123507e+00
1.017336828868300458e+00
9.953041366852773963e-01
7.083488261860569901e-01
8.228136142734124858e-01
8.052642166249011080e-01
9.110431762382475984e-01
1.119362049683252591e+00
1.136818735143054981e+00
1.107229098345372531e+00
1.360407788915486194e+00
1.228659715454064827e+00
1.037527406584707546e+00
1.010522169795907255e+00
9.056637761204852088e-01
8.962334555246819212e-01
1.259301678415084336e+00
