7.290348286614100060e-01
8.053458246121629749e-01
1.096900026892833502e+00
9.862853054027282962e-01
1.131086205036470504e+00
1.092960217512855436e+00
1.129263911592444103e+00
1.201705920870451694e+00
1.204949971767495853e+00
1.241452178367146830e+00
1.404472675550502814e+00
9.964082329443108010e-01
1.144966781322300564e+00
1.095547352911002914e+00
1.221705286661936452e+00
1.258715071152993081e+00
1.099496488175076170e+00
1.067022473133248273e+00
1.099346366799678343e+00
1.030293545337909178e+00
9.962033883541321355e-01
7.067601065674008476e-01
8.121338399546425002e-01
8.038703859657346795e-01
8.964402111107012683e-01
1.091034532845547078e+00
1.137402038536074134e+00
1.103808469747754151e+00
1.343417155116305883e+00
1.217074512413651055e+00
1.029626869528519340e+00
9.992164782192795025e-01
8.928779938818449669e-01
8.935781318108942939e-01
1.259530007986203293e+00
