7.356570410053990816e-01
8.005942280289009005e-01
1.104753241711777800e+00
9.715775614221623391e-01
1.124230209680539883e+00
1.113556575594747855e+00
1.128385357558925550e+00
1.234097593815937310e+00
1.227058268267209540e+00
1.237977450608420238e+00
1.404244710142921404e+00
1.007968597466461835e+00
1.161395036652794976e+00
1.117079857492651263e+00
1.262954515407996192e+00
1.274193126482162652e+00
1.108248669949085219e+00
1.087446110539529220e+00
1.097122930845699118e+00
1.008898666529202792e+00
1.003464379574648735e+00
7.202879782858272462e-01
8.299255403833848410e-01
8.067737700169491655e-01
9.121268895159010404e-01
1.119314547880781996e+00
1.120071130351147470e+00
1.099046655552428309e+00
1.348692736174517126e+00
1.227147846145444809e+00
1.029220777045062984e+00
1.009901623374422241e+00
8.980967604876891608e-01
8.892913326417325459e-01
1.238910272380437494e+00
