7.365990821340665518e-01
8.122916449215026313e-01
1.099328132581312012e+00
9.862738224334628434e-01
1.128357814772513068e+00
1.096540698880814180e+00
1.133901684556950729e+00
1.225466183243503648e+00
1.230674174259619891e+00
1.254696261026210014e+00
1.389104297486100537e+00
9.974644206603240359e-01
1.149682429732588052e+00
1.114741037660893053e+00
1.247801722267291691e+00
1.272158129403111015e+00
1.117574737074763735e+00
1.085344691714150933e+00
1.106530026469144223e+00
1.019519453051854097e+00
9.976490372319999356e-01
7.163748760592282272e-01
8.256972289416875110e-01
8.138730737741132204e-01
9.110207562585908025e-01
1.099415508219587778e+00
1.136099409643204661e+00
1.103335126153037971e+00
1.331499573552802573e+00
1.206795235637333485e+00
1.030233152819280740e+00
1.000521975440410438e+00
8.921643453605985208e-01
8.916989004343307545e-01
1.241811486205153692e+00
