7.363877774494371753e-01
8.019433189462017442e-01
1.107628501290175427e+00
9.817929845285860990e-01
1.124404286010889820e+00
1.095933169102704774e+00
1.119425507238371864e+00
1.232131566192312233e+00
1.207017612035816922e+00
1.226769370855828045e+00
1.402099449482813398e+00
9.894411057734179282e-01
1.140184870821694174e+00
1.112405075128632737e+00
1.229401341277024606e+00
1.249519389716223117e+00
1.124276188484303329e+00
1.078247372630926959e+00
1.095891922172002486e+00
1.016364101586468838e+00
1.005366439520644306e+00
7.094724143809627570e-01
8.175622666396060723e-01
8.062062025275642529e-01
8.909982603402205603e-01
1.097368320088467852e+00
1.136346087861646925e+00
1.089823120142831225e+00
1.342244333999094374e+00
1.231616680900641025e+00
1.043454506427451189e+00
1.000734598437159839e+00
8.923680825803793626e-01
8.917130315809851382e-01
1.263612703556569183e+00
