7.373319476104137626e-01
8.027059025925317171e-01
1.114037653371907854e+00
9.827758113310518517e-01
1.122639269070280887e+00
1.114815963295465062e+00
1.122081165439508199e+00
1.218449904048522381e+00
1.213728546394600372e+00
1.237381696178847079e+00
1.398568598342739611e+00
1.000698638794839113e+00
1.141746828220958854e+00
1.093724166647855212e+00
1.235000426751194258e+00
1.259068123077797363e+00
1.092960581984051327e+00
1.081676249257062628e+00
1.102755963018216212e+00
1.019488006485888887e+00
9.926329426099833597e-01
7.102450574607401812e-01
8.103538969454575636e-01
7.988134962778389303e-01
9.019961694925022755e-01
1.106774706198168756e+00
1.124701239222624771e+00
1.113089198302717353e+00
1.365791798336551066e+00
1.227028166672684106e+00
1.033103347711173736e+00
1.022437014351029960e+00
9.039568129943899022e-01
8.841198042582185668e-01
1.235638930115481759e+00
