7.303187380376084947e-01
7.954284040070311868e-01
1.092913701574424579e+00
9.746801572509293798e-01
1.122149863730681263e+00
1.094466332654619789e+00
1.127905093122751223e+00
1.229941340660725135e+00
1.236727921588433032e+00
1.247203988342468595e+00
1.410749048032187369e+00
1.001420634655744824e+00
1.157205350629062268e+00
1.125378279079950916e+00
1.268855134054031941e+00
1.279603343788374925e+00
1.123781795715462106e+00
1.096482256467511629e+00
1.105770331162724496e+00
1.008470793430927159e+00
1.003823812486354772e+00
7.125646342167154534e-01
8.234138371515461463e-01
8.061732199704944035e-01
9.089539474075458703e-01
1.106407311436291785e+00
1.131368554175689489e+00
1.103884713125432127e+00
1.343683165762323606e+00
1.217231428051892550e+00
1.038760560446015502e+00
1.013526404849941498e+00
8.978906500378371902e-01
8.859075064460457671e-01
1.248020190629450132e+00
