7.273104349724057727e-01
8.032738025552483840e-01
1.101828053294038545e+00
9.757720506271622130e-01
1.113461922566944207e+00
1.093318785921777003e+00
1.106906711396387077e+00
1.210810089449391613e+00
1.216859176179341695e+00
1.225734068591228354e+00
1.386154906365642647e+00
9.922771367575711210e-01
1.134390671145929952e+00
1.098910202757625632e+00
1.247073202596061803e+00
1.256168454305907511e+00
1.107462987959690004e+00
1.099333090721120731e+00
1.107350832704716348e+00
1.007293278125864777e+00
9.832903618996794437e-01
7.038870911370987971e-01
8.046975186137456104e-01
7.872963770821070906e-01
8.934453533111915702e-01
1.087655773685606064e+00
1.118498104305712282e+00
1.110287198164015665e+00
1.351633065253280641e+00
1.217372466771081907e+00
1.012724851937951032e+00
1.005290428334892905e+00
8.922053034259666005e-01
8.875099953988078161e-01
1.239801149294413207e+00
