7.281378289868190024e-01
7.936658404801352207e-01
1.103285330572113310e+00
9.672216905532959874e-01
1.113671913812622094e+00
1.097113330293927325e+00
1.110888345370041552e+00
1.224251512172491507e+00
1.208284583807993418e+00
1.228636269530195335e+00
1.403200008127975407e+00
9.944057986568300977e-01
1.148535393922526238e+00
1.109641792787773751e+00
1.249232306935546433e+00
1.270273693745803012e+00
1.115884274092725503e+00
1.087674192319938893e+00
1.105994382469582371e+00
1.016843453930416086e+00
1.004085682982963634e+00
7.115654359485293901e-01
8.218557146214252596e-01
7.995002888236892868e-01
9.000756791014926650e-01
1.104562187095688319e+00
1.123579432660246180e+00
1.095174813642438627e+00
1.343985528657529960e+00
1.227188127334276846e+00
1.030812524697477306e+00
1.004753096951018998e+00
8.869933079948912891e-01
8.827972869021488700e-01
1.245709912220594351e+00
