7.336170844734026808e-01
7.949925020012872379e-01
1.100692866189119545e+00
9.757281747416818307e-01
1.118279075479657658e+00
1.098260271556721790e+00
1.109539776992902294e+00
1.230037810732518944e+00
1.214892150918309488e+00
1.236464756536401977e+00
1.406653613291370064e+00
9.977899424016256624e-01
1.137140246346423522e+00
1.117512294770497183e+00
1.245113323943878969e+00
1.267222561102889777e+00
1.119987531725070928e+00
1.094951416893710228e+00
1.114394258029661966e+00
1.017756807138630482e+00
1.013578861862326486e+00
7.189678998731794390e-01
8.193782078110734002e-01
8.080074549768575531e-01
9.002682590121154904e-01
1.108007506895059002e+00
1.123843575101731052e+00
1.098721262574380075e+00
1.352254058421987981e+00
1.230752607129457665e+00
1.037080028924552977e+00
1.013897222011092003e+00
9.012838279233607031e-01
8.889301680259469318e-01
1.253186447046878760e+00
