7.488101292743100101e-01
8.100866277861756837e-01
1.109141975559593707e+00
9.880562206571618100e-01
1.130431960939851432e+00
1.115271134270456876e+00
1.131563171603108486e+00
1.226144852875030500e+00
1.228397789179837440e+00
1.249465628158601183e+00
1.395445773533039668e+00
1.005526036202687878e+00
1.145241685590015823e+00
1.105489540467896825e+00
1.243246855288075992e+00
1.264569365625343389e+00
1.099414138138794961e+00
1.085575971370243309e+00
1.104194321195924200e+00
1.017150665007977350e+00
1.002187482483826608e+00
7.221531828087573990e-01
8.224947923351296764e-01
8.071975431892683961e-01
9.077840815586273315e-01
1.101893128663199661e+00
1.117764987270066124e+00
1.103695841017247492e+00
1.339696176719654463e+00
1.213827330802381033e+00
1.033215110467077258e+00
1.020210181286672624e+00
9.044631700748784198e-01
8.865459163857630775e-01
1.230327915461470800e+00
