7.267368015857493813e-01
8.035752047525235309e-01
1.107025847532191909e+00
9.822760303788503622e-01
1.126172110055632558e+00
1.104071370298234100e+00
1.117937771997171481e+00
1.222413377710591220e+00
1.219492348768023815e+00
1.237000375704012667e+00
1.401452040076895056e+00
9.973311578581981474e-01
1.138109591828274647e+00
1.104232010874564684e+00
1.241496596733284941e+00
1.259320534602599073e+00
1.107186917980121699e+00
1.090840992508399721e+00
1.106501995629093571e+00
1.014356815730476979e+00
9.980651702975943396e-01
7.102643996695198192e-01
8.105218809507656053e-01
8.001555041862503659e-01
8.996210266698018154e-01
1.097810868703991138e+00
1.126560059266036973e+00
1.109928118923230178e+00
1.354449391811886949e+00
1.220303701401738383e+00
1.018837626426502441e+00
1.003796043439109775e+00
8.891646216837862937e-01
8.858020785152884713e-01
1.244731120910302469e+00
