-1.333315371300804186e-04
-2.673947657428774917e-03
5.378107466109525135e-03
-2.257323290204486625e-04
-5.621223532002393372e-03
7.822947259144077958e-05
1.517047835256675470e-02
-5.253366433221177446e-04
-6.430274578930307919e-04
2.465191628691490618e-03
-9.256547307962266317e-04
5.902459788610354627e-03
-4.208908303815180399e-03
-6.623068842131608555e-03
5.511049565850253441e-03
2.618845592890134844e-03
9.659039349327148277e-03
-4.329358514317486334e-04
4.844864536979281294e-03
-5.586863494846808567e-03
-3.373870059204552019e-03
8.849735663183973949e-03
1.394931491314794700e-03
4.376262155980310820e-03
1.090654076883219858e-02
-1.262705725128382243e-02
-3.220886148826685412e-04
6.623716719094827066e-03
1.148690669207369161e-02
9.190436968328177803e-03
5.628740380421166922e-03
-8.180619443274635832e-04
-1.006033700205047343e-02
-1.317064953556327817e-03
7.925210104166680730e-03
