8.305523511963751326e-03
1.114372435061274091e-04
3.991639721310887706e-03
8.835100852923060549e-03
6.467475925767221870e-03
-1.045152744882750506e-02
-1.158756850877571895e-02
3.986038931298906823e-03
1.178902819927630033e-03
9.383757597332724465e-03
1.182098459192341619e-02
7.734993137226633605e-03
7.708966391429161041e-03
7.632076476067969559e-03
-3.081434277291648927e-05
-2.257441180369882013e-03
-7.273684718122857065e-03
3.456461590339594998e-03
3.016950406124159056e-03
5.503555119527960698e-03
3.097320982506480448e-03
1.378954454965537844e-03
2.865505259816988198e-03
5.156240271611635395e-03
2.336810584382925226e-03
1.051979865728093835e-02
-2.616581788202995695e-03
-3.895437131528503225e-03
-7.864641048645464733e-03
-5.134394852635381160e-03
2.776321768598360301e-03
5.271739396838469316e-03
9.280840936174058683e-03
4.055177111923867830e-03
4.607557258827802912e-05
