5.721169197156554878e-03
1.023332168330387884e-03
-1.914486078690262605e-04
-8.493576252081209282e-03
3.426889605883644274e-03
1.524295880576349849e-03
-7.157975096841115437e-04
-6.777600315717431309e-03
-3.708248704181599242e-04
-3.488454643090796101e-03
-7.015323943351518821e-03
-3.228288817269386879e-04
-9.226934102536506199e-03
1.585306841860457949e-03
2.783106379717174839e-03
6.222132909402515108e-03
5.196820295341471330e-03
7.437145133520331984e-03
1.923454720854750680e-03
-2.273673866891381956e-03
2.501584477060079213e-03
-2.726386319280196813e-03
-9.248064583243249120e-04
-2.033031371892214320e-03
-9.137359478247678718e-03
-1.248361252830338178e-03
1.286572252942262337e-03
1.572291869267567616e-03
-3.165131296503185566e-03
1.240334202594506330e-03
-3.623669065582098281e-03
-5.700064802275785214e-03
-1.580318919503398596e-03
-3.909388681907403559e-03
-8.029134564679789310e-03
