3.432620569034167818e-03
-2.920797079285018805e-03
6.412730750385883804e-03
-3.209205740880044511e-03
-1.526887596710866171e-02
-2.059130315562329467e-04
-2.569247957306571017e-04
-1.171014674427692248e-03
-5.679159353989774589e-03
6.389307533190193705e-04
6.346758088075275459e-03
-1.130639169985488829e-02
-1.537302304637579858e-03
-6.880742158339028108e-03
-5.951625991976929736e-03
6.147504616762953893e-03
-3.237034977082373088e-03
5.470811635486520080e-03
1.302233718215305147e-02
-8.694597076351884973e-03
6.635166749670299430e-03
1.041687187968754619e-03
8.084634186628348457e-03
1.480086455915551567e-02
6.108044234251687465e-03
6.899425174934428751e-04
7.311859730946733242e-03
-5.833145377421343827e-03
-6.232124259405455793e-04
-1.458507600079910621e-03
-1.443481312414845227e-03
-7.245129639393835946e-03
5.064580294834877816e-03
1.170152379595323228e-02
-6.081861382754797513e-04
