-2.557394125589991692e-03
3.506589062585230027e-03
9.634029051573659089e-03
7.108292802707602207e-03
-1.187130175286677317e-03
6.473821202439708489e-03
1.156547017462902782e-02
1.068798305630665364e-02
-5.571027930024860172e-03
4.884542049654484915e-03
5.873245781440075003e-03
-7.986465121722068072e-03
5.367638795412903174e-03
-2.087517823666156652e-03
-1.891811937121944120e-02
4.098380142644859024e-04
-6.259530025346246931e-04
1.022296128009060612e-03
-6.941291880328175415e-03
-1.242897939333944581e-03
2.271542041317702390e-03
-3.292745883850161596e-03
7.893375044278960057e-03
8.733641403194179753e-03
-1.062269639322516168e-02
-2.071069225348335513e-04
1.659083927573128548e-03
4.058384010742500589e-03
6.245125913735277354e-03
1.504898028098772961e-02
-2.659108384887925221e-03
4.378935063627313953e-03
1.078348934771039547e-02
-5.058408468057296395e-03
-1.146296275214037964e-02
