1.091767128254548906e-02
-4.272755427074399759e-03
-3.808427324119932796e-03
-2.315565974662851627e-03
2.019412576987567043e-03
1.414882938382023246e-03
-6.053903277687807880e-03
-6.183739908508316917e-03
-2.684697876588723695e-03
-4.803160739538708812e-03
-9.849112055550023059e-03
-7.736215727764011660e-03
7.048551909788688952e-03
7.076262400712300844e-04
-3.673005196402985041e-03
1.660530964800191120e-02
8.672195328977613110e-03
7.049497348700023772e-03
6.213560828969197022e-03
-5.267488842493176643e-03
-1.180630150796157032e-02
-1.402838373182598020e-02
5.555690560331607783e-03
-5.120213661036270188e-03
-8.007983748053403711e-03
2.665625476531121446e-03
-2.250489208659682463e-03
-3.636634912793264719e-03
7.178388540609198856e-03
-2.661579161027854100e-03
-7.172047228322578696e-03
1.209450322580000320e-02
3.640681228296532498e-03
-5.785901524188995573e-03
2.667920473314473826e-03
