-2.559097386511262860e-04
1.039225430197601718e-02
1.841033985814253962e-03
2.549748402777512850e-04
7.809429367636229295e-03
1.009610379232094880e-02
9.183076402097315599e-03
-3.537138866002401301e-04
-2.907315357290896247e-03
-8.099959765794688404e-03
-2.460796051112981806e-03
2.316014153978000409e-04
3.072181577361469615e-03
4.178711250949882286e-03
-1.750923749975017568e-03
-5.520602483061954257e-04
7.086132677631936001e-03
-8.645984655291172674e-04
-1.097265446357825053e-02
4.512605503670764429e-04
7.676483410585284960e-03
2.814426349737588796e-03
4.658240722897972509e-03
-1.789684130872092830e-03
-9.305378277333496012e-03
-7.186932375571055201e-03
7.989021627808207127e-03
1.323502056500964336e-02
1.260897186605902665e-02
1.626910301033809500e-02
8.026777207156381155e-04
-2.566982137320235682e-03
-4.152849930242604425e-03
-4.443321216485799849e-03
-2.857453423563431107e-03
