6.386792942640973601e-03
2.387138228925512681e-03
-1.658647685141935446e-03
-5.094369654797530067e-03
-6.439045738870605336e-03
1.809306021218728272e-03
-3.136900694219574813e-03
-3.296274223239214519e-03
-8.963477314658898840e-03
3.133671850870725639e-05
-7.099608836983458543e-03
-4.665857781908378139e-03
-4.843272450687968744e-03
-6.389961978409441565e-03
-3.188510365738292385e-04
5.808960734934188325e-03
4.908539933563333367e-03
8.184888374199289149e-03
3.862361366852680097e-03
4.077122632576154516e-03
3.818990467395842053e-04
4.160326185887739878e-03
-1.407550481032374123e-03
-1.609563924680771675e-03
1.025825047499245163e-03
4.977543433947011209e-03
-1.994028592525516619e-03
6.106925553969248972e-03
-4.683898921668329038e-03
-5.633853579701175382e-04
5.348352054845855082e-03
2.287673104804197055e-03
-1.692767477992356169e-03
-2.752602091648910509e-03
1.227838491147642715e-03
