5.859354995704177740e-03
5.230879560102546719e-04
4.221656741339696942e-03
5.740483769445265533e-04
6.408552433007859254e-03
-1.960183282310402376e-03
-7.162672813146558903e-03
-1.199013824936206139e-02
-1.748990068316544876e-03
8.291587583567129084e-04
-1.365768727098459409e-03
5.293669846736848150e-03
-4.594405545540873950e-03
6.247639780139061134e-03
2.094135317833421914e-03
3.376083757383521559e-03
-5.524974558782077237e-03
-6.704831630602410206e-03
-2.298187505620225522e-03
-2.869410026972729795e-03
-1.416729148032732158e-03
-5.917946302607581671e-04
-9.467971811457035619e-04
4.060744088470897087e-03
-3.740368738229910353e-03
6.031648289192869002e-03
8.664186239953200475e-03
5.082476632742989782e-03
2.330598906746289729e-04
8.339570353090464561e-04
-8.147012863212094169e-03
-2.399478060085702066e-03
1.783128691758926326e-03
-4.565303256001884344e-03
-8.747910007846512737e-03
