-6.285615378938628345e-04
-1.817355029371317543e-05
3.163421561515667758e-03
-9.149072679988479867e-03
5.801177254285050724e-03
6.487166192781146021e-04
8.014763285200635079e-03
-2.118385073927381984e-03
-1.378470640215047338e-03
-6.755314185519067233e-04
-1.640350328103133692e-04
9.248572419599034380e-03
3.784931243587183469e-05
4.260174197624739742e-03
2.890076355007499195e-03
3.832863167796472618e-05
4.222780185791106221e-03
6.402126068167235048e-03
-7.808209432393961764e-03
-3.857126530361287223e-03
8.966864096884451588e-03
3.429221615020272215e-03
1.235034355394002033e-02
1.622418504855357643e-03
-1.206017357926602966e-02
-8.041578084474428068e-03
2.603066660395182350e-03
1.127575967909219719e-02
1.017099767156389063e-02
1.365340812304042389e-02
2.150161921295166284e-03
-4.736470733057197846e-04
-5.663929640526201362e-03
-6.522531097401848554e-03
-1.332248530181366977e-03
