-1.110558645295320855e-02
5.098744576542579843e-03
-7.617191991740475052e-03
2.206500187354446755e-03
5.009072104007475205e-03
2.580261331781914802e-03
-7.283790075758123789e-03
8.804428996942437885e-03
9.462375639236615329e-03
4.342177216059453330e-04
1.824174695956621347e-03
5.385707268866354522e-03
-9.769495170479673349e-05
7.906584968470733651e-03
5.288126872873792975e-03
-1.362406969771387359e-02
-1.077218453697085729e-02
-4.507657643365217855e-03
-6.652282917724069294e-03
1.315015428988899893e-02
4.716419085144753567e-03
5.475379741401458292e-03
-9.921387130799718540e-03
-4.719679127277215738e-03
2.485554956220764958e-03
1.029826912914598436e-02
-4.399992969203901302e-03
-1.496407038588345572e-03
-1.618591402440535884e-02
-8.839580746524005467e-03
4.630180230579616397e-03
-1.487651926055472314e-03
2.955095421210324029e-03
1.726594299964059366e-03
-2.716153047301737410e-03
