-5.289233664980268722e-03
1.288344782300602197e-03
-8.588865613220801609e-03
6.201172515435996423e-03
3.578116319946462662e-03
-3.031127742362246108e-03
-3.393109363537594181e-03
-4.682495963481288735e-03
-3.843526924033320667e-03
-4.034389791397812938e-04
7.001561365695104303e-04
2.402448918907772527e-03
7.253331147493401188e-04
-3.216164462742880127e-03
5.926973814548120237e-03
-9.608706189643117027e-03
-9.347741529706129343e-05
-1.617290214389755301e-02
-1.271087690896005248e-02
9.473771416381622512e-03
-4.212671596565882928e-03
1.126773812619129289e-04
-1.406470501390745878e-02
-1.538314639591014527e-02
8.550030010037654865e-03
-4.145735796443322102e-05
2.351524357688553057e-03
3.214848100578847952e-03
2.014719714693034673e-03
-2.765746902247153641e-03
5.088004775100152602e-03
-3.782620009599516053e-04
-6.022052360790434815e-03
4.224681032209857273e-03
9.868471392040339615e-03
