-4.068668248462950846e-03
-2.804763760270772600e-03
-2.097124467434503987e-03
-4.464768984870734481e-03
5.696764801899741049e-03
-4.419119160155349051e-03
1.880154180547875462e-04
2.439024692320500981e-03
8.706731369911532500e-03
2.253261047733753908e-05
-1.807745632773118116e-03
9.777173152414185553e-03
-3.740081027752469728e-03
1.129763124776603060e-02
5.048901178486076349e-03
-5.683023648347527296e-03
-1.783528362973658445e-03
2.835125428728284616e-03
-1.058701680451159394e-03
-6.851066823589310739e-04
-1.477404081731553687e-04
1.275644590243672771e-03
-1.372436510316240102e-03
3.503741978431786433e-03
-5.112632608284399180e-03
-4.584601967732799925e-03
-8.665889485248965546e-03
-3.348677377652695564e-03
-5.991090302018182295e-03
2.778915295909286081e-03
-1.218805499104956471e-03
-1.909802784502015807e-03
1.542990705829180853e-03
-6.536017606701227320e-03
-9.988811097032423980e-03
