-5.087034510895920882e-03
-8.465905499458718439e-03
3.172579994573151291e-04
-1.113997434492241222e-02
-9.484920491790373165e-03
9.082737546279001650e-03
1.217900627936917279e-02
-8.681517493935669849e-03
4.577792972650280429e-03
2.609191610833012931e-03
-1.340994223873457833e-02
1.854168016313323744e-03
-1.235496394586511372e-02
-4.559743708773349689e-03
3.320928960594749478e-03
1.246160853484180181e-02
6.774713769015937651e-03
-2.628577659909179381e-03
8.975678953544731845e-03
-6.173971888083021504e-03
-1.073587339327088455e-02
2.873183008644976302e-03
-8.977316014853863740e-04
5.242434782474337737e-03
1.665875107462709125e-03
-4.870771222571582126e-04
4.354312801480095772e-03
6.359112589942045833e-03
8.505559827439730658e-03
3.041469597945543543e-03
-9.938381505991199932e-03
3.664169903702476673e-03
-3.804720114253660503e-03
-1.194318129445315173e-02
-4.474291276497014552e-03
