-2.303158502231159033e-03
9.247182872305650947e-03
5.931411177180212491e-03
8.106742012631458494e-03
6.114705896750565091e-03
2.767256881890244481e-03
6.464156834484134986e-03
6.826575371662241438e-03
5.315943539334704558e-03
-4.139343984956307676e-03
7.482139408356261630e-04
2.713693017435711390e-03
1.095492879676610194e-03
2.791315013958755101e-04
3.852385769393474983e-03
-8.783084492646564198e-03
-1.770412844927235670e-03
-3.583325143200376955e-03
-3.101920859647019565e-03
-8.235722898308709544e-04
1.888654800509816881e-03
5.846169992990796378e-03
-1.079837955774636676e-03
9.583678182552290981e-05
5.844421885274369254e-03
-7.836243937550198616e-03
-3.311104548936370795e-03
1.650063599912510951e-04
7.330743424985041758e-04
1.427344796545306372e-03
5.363017601721011864e-03
-3.792065046115324512e-03
-6.573905500996144423e-03
1.886906692793389973e-03
4.668747147674209667e-03
