4.676809558277230522e-03
2.930545020447282867e-03
1.394884963722411476e-02
2.004472629109800910e-03
6.285049781024648619e-03
2.483451087069584416e-03
1.817136586088402561e-02
5.592155236584897202e-03
2.988484693399324522e-03
1.848706396346039629e-03
-4.462826996347972475e-04
-9.029825402462159090e-05
2.993151374450827434e-04
-2.385376460343070770e-03
-5.017874512528164299e-04
4.229715624899531637e-03
8.899325781937144839e-03
8.264492165752326813e-03
1.380244470651906426e-03
-9.169598220430792701e-03
4.797896917026842761e-04
-3.444803014601987776e-03
1.224369214555939660e-02
5.278423395856394508e-03
-4.782364603167662404e-03
-1.383920837746840417e-02
-3.554986849150110033e-03
-5.953318603543625645e-04
1.287852576174421462e-02
1.279750470714163119e-02
2.101883091932757117e-03
2.594304233425920488e-03
-4.463718099724095500e-04
-8.577718968629912191e-04
2.182904146535338819e-03
