-1.125552506932624283e-03
-6.431287035741318700e-04
-3.069539142780474544e-03
-5.445093752857264185e-04
-5.145441554200651246e-03
5.296323421676711260e-03
-7.819002527548111342e-03
-6.704170229863701605e-03
2.013752634325972554e-03
-6.720953845230021387e-03
-1.368937284104108920e-03
-8.642596574777779844e-03
6.200038640657261346e-04
6.664124122671385639e-03
-2.779039814446722378e-03
4.813899618318218630e-03
-5.875015891700261297e-03
-7.285213361510598819e-03
6.033641681593999301e-03
-4.294543406023678712e-03
-1.467556612392513504e-03
-4.140283724151259601e-03
-1.905025903429023726e-03
8.740026534091564075e-03
1.821892364468202449e-03
6.394372103994801215e-03
1.063155636743630394e-02
-5.360025787427041138e-03
-4.948284336186862045e-04
-3.168631039202696523e-03
-1.149696267863639480e-02
-4.732012697060188067e-03
8.585766852219144096e-03
4.494619476226948546e-03
-8.823160073052383617e-03
