9.732137387568990869e-03
5.447084042582636676e-04
9.608230778556879279e-03
1.941121737629259401e-03
5.867955306306743210e-03
4.884571827081428397e-03
-5.207882259937182505e-03
4.351971774109639722e-03
-2.662995004327423434e-03
-1.881087230508808258e-03
-1.344142636555337514e-03
-1.504812485503706151e-03
7.495496342340324421e-03
3.819331859095614554e-03
-3.804410094370677328e-03
1.407200081039215733e-02
-5.083975650925071782e-03
1.214298742404936945e-02
1.201187076934822490e-03
-1.094460960480742387e-02
-2.740555969926334115e-03
-6.828059387552185694e-03
1.516260538326794256e-02
7.559607331345750622e-03
-7.731243663048162004e-03
8.211366856509803511e-03
-8.115425835835479718e-04
6.042754345905147415e-03
-2.064357691706496939e-03
1.274444603485856350e-03
3.210556684066384961e-03
6.958551748386853676e-03
3.443057114090511579e-03
-3.643740245422309992e-03
-1.282456111259683285e-04
