-2.383654552876776286e-03
3.288423484218302995e-03
1.081778611841509828e-02
6.124556617585751386e-03
2.627148566940810861e-03
-7.727603028757721454e-04
5.741929915021254729e-03
8.757831619096842143e-05
-5.981560474130953597e-03
7.384809356565817662e-03
-1.064704169520385661e-03
-4.593493898181156762e-03
-2.871852816564638648e-03
-7.266019776811814823e-03
-4.684136442949014476e-03
-6.444838339970851426e-03
-7.459510756270618971e-03
-8.420632854271558818e-03
-1.099236359394854118e-02
-1.445532776309769746e-04
-3.900837302887833619e-03
-3.932218980903665062e-03
1.821376684264708681e-03
9.246177746624721638e-04
-1.186728392304074384e-03
8.701191386687907869e-04
-1.925042788587126444e-03
6.153062730740238226e-04
2.782498782265647660e-03
4.457470612340392636e-03
1.385002347372907977e-03
5.577660709521564675e-03
4.712283477935159601e-03
-1.155346714288242940e-03
-2.899694827018378662e-04
