-2.306899432266047018e-03
7.316007492427600671e-03
6.710749558250556253e-03
4.642782888565937655e-03
1.262351415536569314e-02
6.397216224527787695e-04
8.480334779988952729e-03
-8.410390027543089564e-05
9.976589314097466035e-03
3.391117731454658911e-03
2.097307214779256523e-03
1.245762203463463176e-02
-5.939142279513059085e-03
6.113113564720561860e-03
9.380467487250790035e-03
-8.983185302240868919e-03
-5.373142105276496744e-04
-7.033786221107415568e-03
-4.953824273534274125e-03
3.996375665631702462e-03
4.770531818640920407e-03
7.150115371696540156e-03
-3.871175609828438752e-03
2.003489676054223678e-04
1.399736220451034546e-03
-4.449495426081515048e-03
2.821132737507467056e-03
3.120754342989946230e-03
2.625296400751325407e-03
4.616859030612049421e-03
-6.802257271221062458e-04
-4.645331762837656697e-03
-2.953390738459411857e-03
-9.798473326045852028e-04
-2.671788356982830043e-03
