4.312142567023171183e-03
4.138022352617842792e-03
8.297308670337826680e-03
4.303640604608360842e-03
9.337349326672274297e-03
-1.411837146368596918e-03
-2.268020266313451258e-03
-5.347540709414748752e-03
1.355818800347238957e-03
5.906501491354843730e-03
7.319910347520890322e-03
-2.629907049799132604e-04
6.027894548051680214e-03
-3.304305120633401274e-04
-8.586402399441603848e-04
-1.237716931963270262e-03
-6.253186369628105021e-03
-5.339038746999937544e-03
-3.669387959301863289e-03
1.747215173634863745e-03
7.154292095530374006e-03
-5.462317679034342163e-03
1.002156261378114518e-02
-1.370471168397787961e-03
-5.892348962008072538e-03
6.762684611299698070e-03
1.125561391056704302e-02
-3.030646651695749136e-03
9.107414991152976841e-03
-3.954269578724030343e-03
-7.561999749706147661e-03
4.614485691885634490e-03
5.839061684271417731e-03
6.724260812556642763e-03
5.499684820170859523e-03
