6.491241097246508614e-03
-3.224729412832194608e-03
1.137829876924005557e-02
7.267914095007588920e-04
3.185745559474820882e-03
-7.825648366570002804e-03
1.336914074598762742e-03
-8.005066958691655493e-03
-1.842750221404898525e-03
1.026271636118393851e-02
-1.964996768342566758e-03
1.336826894481234901e-03
-1.245704042802456279e-03
-3.680483303774718939e-03
4.510657134333647886e-03
1.890322143508701286e-03
-3.550143597394782909e-03
-2.240617270945904904e-03
1.462745316366788340e-03
-4.340311820888309927e-03
-5.916517590675520258e-03
-5.073648077825781456e-03
9.405803316936840394e-03
4.512069905990514010e-03
2.051702984359585029e-03
1.100153920015174702e-03
-1.785578176220914068e-03
-4.646071250683868510e-03
8.096276990487961955e-03
-5.008190077710568053e-04
-1.651659602953108215e-03
1.098200908672405073e-02
5.245406162927984672e-03
1.208833471509845360e-03
6.945436395305911413e-03
