2.515701875338676070e-03
-8.699149032578065016e-03
-7.028239859883952598e-03
-7.298324502661698854e-03
-6.200264210321227917e-03
1.831801138962073708e-03
5.350428765292312983e-03
-6.591881574737540501e-03
-1.550408452275967193e-03
1.076974780268654883e-03
1.571893161895022116e-03
5.697371302152577817e-03
5.281359853893712909e-03
-3.652824708563059616e-04
-4.115027798736888530e-03
1.304665204687881566e-02
1.489437050051494252e-02
3.222144803262834423e-03
7.165557633383936795e-03
-5.939343924254577526e-04
1.710686319786550863e-04
3.198486479895739851e-03
5.551444496671459165e-03
-1.193258120419031509e-03
-5.213088091077358599e-03
-2.441652846061580923e-03
9.995575875594636325e-03
9.079580893390616983e-03
1.722367019392356466e-02
6.535554746711972479e-03
-9.156500921198462706e-03
4.786441472267345676e-03
-4.985678992740228896e-03
-8.240505938994443363e-03
1.531614526013131208e-03
