5.076763839105020472e-03
-3.705728906208836416e-03
5.809627717042598408e-03
4.845347493465952844e-03
2.729987003786897570e-03
9.024600610277704049e-04
5.944683061223335514e-03
-1.973750162084294581e-03
-2.524254740873168451e-03
7.042712358708852136e-03
1.188898513630178878e-02
2.139929953344438598e-04
1.754065142935560054e-03
-5.023563640718246674e-03
-3.678098922478998008e-03
9.684952806341625559e-03
5.211819183285756711e-03
-1.742333816445227820e-03
-1.774779055550464169e-04
-2.472644264542582255e-03
3.337908736627001258e-03
-6.221722914661290127e-03
2.718345366512206485e-03
-1.943922927462545837e-03
-1.562738432799942734e-03
2.000489358513286159e-03
1.476519535941385464e-02
3.640707797235381848e-03
9.672498366243190149e-03
3.445374161378257291e-03
-3.127594343690122403e-03
-3.092207634657378329e-03
1.805155722656161168e-03
7.996893218488348651e-03
3.099529861174809154e-03
