1.142183240942469188e-02
4.647384700936913610e-03
1.049346585435503854e-02
1.213712068845851366e-02
1.169882933972552115e-02
3.717212677281471478e-05
8.428840525919511009e-03
4.461893794531803827e-03
1.409988849211778628e-03
1.912033189738318096e-04
3.551633566344174035e-03
2.139809707794299628e-03
6.201693472971041114e-03
3.772782016854187449e-03
-7.999152579955653639e-03
6.811619835260592122e-03
9.357207080989164358e-03
3.746605515497980314e-03
1.132991918910949795e-03
-5.654877834444292303e-03
-3.938102421177427752e-03
-4.911634930994307480e-03
4.558038638867564253e-03
2.567418531483704400e-03
-7.560861231222659393e-03
-8.200465080172863672e-03
-8.730881014148146428e-04
7.669929853553357144e-04
1.016864020435874830e-02
1.079163369356191983e-02
-4.947247634635629741e-03
2.841263225600698834e-03
1.824175628033719793e-03
-6.587328721405779665e-03
-5.570241123838800407e-03
