1.123493545737186058e-03
-4.369161918836276907e-03
-7.114511343855312291e-04
3.551447695876343638e-03
-5.717530612577396976e-04
-4.668715563130550368e-03
-1.271394325402011236e-02
-5.348627131910017526e-03
-3.809164110028091105e-03
-2.577978957401470470e-03
-1.686734867669329244e-03
-3.446491805949230408e-03
6.205198731918810592e-03
6.411202077470229410e-04
-6.193681106773837527e-03
8.239399014429117304e-04
-1.087899857389739572e-02
-7.776581282049176841e-03
-2.113917503033167083e-03
-6.235689741852216798e-03
-9.607344482381950657e-03
-7.243900663527768485e-03
1.942299901656934641e-03
5.014221346192303252e-04
-2.070480349639754192e-03
5.467248733488092385e-03
-1.006823298889862953e-03
-4.306043259051688804e-03
-1.160117390191285104e-03
-8.263658936245000045e-03
-7.733144128655763949e-03
5.313954642186671101e-03
1.509633056294782880e-03
-4.433924168493938098e-03
-6.296025826020507435e-04
