-3.739306975260783122e-04
8.046148383961445466e-04
4.255724280426653912e-03
-3.222146967073385299e-03
-3.970899470414075705e-03
4.274949988913302051e-03
6.407996763218765102e-03
1.756101614343183459e-03
6.794883115001320792e-03
9.611604872566612001e-05
-5.043721438439957225e-03
2.479959649154976631e-03
-6.304450165191573599e-03
-6.474074973280901854e-03
-1.338963819976862757e-03
3.096404452991079193e-03
1.778341785266032878e-03
4.604317883890488711e-03
1.039185188788931992e-02
-3.354993393304844113e-03
-1.016959632970427380e-03
7.255473957965196882e-03
1.173421082308466479e-03
1.752548777559826895e-03
-5.902113166361723506e-04
-2.036930725579796930e-03
-2.524873063869836898e-03
-3.997347693304297706e-05
-1.652555016315990222e-03
-6.860961325063458412e-03
-6.377745320635002692e-03
-1.164612678025950254e-03
-8.857918573710212365e-03
-8.862644907571796613e-03
-1.169339011887534502e-03
