5.157292898513671404e-03
-2.383235206846554682e-03
-3.044505796495554709e-03
9.363163681435299548e-03
-3.554383410693463981e-03
6.878912549775559326e-04
-1.091240098495168884e-03
3.122838544425629755e-03
-6.365492739436690202e-03
6.596671745170134063e-03
5.341299633635958680e-03
1.021854701577117226e-02
-1.219870330693888574e-03
-1.056871825114962492e-03
-6.403831865443698063e-04
8.228419360337781152e-03
7.110558596514056362e-03
-1.083032238495997956e-03
2.346183569770445183e-03
7.257942334819133222e-03
-6.405099254645894684e-03
1.138969521961808243e-02
-1.362753980862474283e-02
-5.469942109170532196e-04
1.227716390558439286e-02
8.375803098642858879e-03
2.906352344187883990e-03
1.727193101018541926e-02
-5.433948973614688080e-03
4.217380815826557092e-03
8.847948097317951885e-03
3.550178084028507430e-05
-4.678747095716001558e-03
-5.517630568679582521e-03
-8.033816921232958888e-04
