-1.075139598161960891e-02
1.010361666762870161e-03
-1.103151801717879715e-03
7.023748202948307262e-03
1.126049826358667405e-02
-6.598992933231021679e-04
1.315531761298872719e-02
1.466719464075673732e-02
1.297819264067862424e-02
6.462389529261107837e-03
5.472713775338793746e-03
7.853549334459874326e-03
-3.575755350952848285e-03
4.689086284871270965e-03
-2.568439185277871656e-03
-1.242165694170558124e-02
3.507073433086997996e-03
-3.107949543811177121e-03
-9.033701604527656984e-03
8.575902997741859449e-03
-5.406727608466450896e-04
-2.396587262363931298e-03
-1.170265535561903526e-02
-7.674563780433282800e-03
-6.805189245916238444e-03
-7.352827377050720654e-03
-9.854380158741047474e-03
-5.784542599541855554e-03
-5.087632378720860146e-03
4.866211257181375649e-03
-8.794371851997585809e-04
-2.586079597030532459e-03
3.297926479672507946e-03
-4.949274744398950501e-03
-1.083328082110199264e-02
