4.537632823513300731e-03
6.774564743726623102e-03
6.463371925708144561e-03
-2.213657534356330836e-03
-7.110198789906966091e-03
4.398239983419871546e-03
2.376629462503261712e-03
-3.279006113359704544e-03
-6.329424963245455782e-03
-3.745553726738151418e-03
-1.010389385990788542e-02
-6.009666849160859997e-03
-8.595226222250902659e-03
-5.605656870024322211e-03
-1.041909999576959983e-03
2.161308063206549175e-03
4.508903603084183156e-04
3.472284244509925288e-03
5.318406650174811040e-03
-3.434360908719672444e-03
-1.115671581824932354e-03
7.875096684472728328e-03
8.180323781357273782e-05
7.967913845590788441e-03
3.854631255973675272e-03
-1.723943205821541584e-03
-2.426647763128308467e-03
4.717998097504467331e-03
-2.939590646387935102e-03
3.100397555724395283e-03
2.008508850308790387e-03
-2.236886089081168219e-03
-3.341543747601613198e-03
-5.136137010323985411e-03
-4.031479351803540431e-03
