-1.053778365548232315e-02
9.407338105897698061e-04
-3.462884295880978847e-04
-1.170662229147118386e-02
-9.133434036879170895e-03
2.539407155022131019e-03
-4.928169239300228543e-05
3.082967947310315954e-03
1.128481989868378860e-04
2.057715697792152076e-03
-3.743648683804536026e-03
-3.528302291507691771e-03
-1.931480647042087620e-03
-1.220534536197930356e-03
3.457702294247301869e-03
-8.939110311049963675e-03
-1.024077691828723102e-02
4.251806583299174921e-03
-1.291501419616317842e-03
3.344737937970018900e-03
8.903707418256419370e-03
6.545865555961246328e-03
9.428853214840998351e-03
7.566611071093140919e-03
8.845140396552871737e-04
4.646404545207285380e-03
-4.287209476092719226e-03
-1.101743335472398638e-03
-5.063730286745405859e-03
-1.382664427577770527e-03
6.427822042570779937e-03
3.869883734554598748e-03
4.365483453101913491e-03
3.242355901950459349e-03
2.746756183403145039e-03
