9.752008009943090999e-03
1.642947746080919771e-03
9.305232424569846381e-03
1.924573326237490750e-03
5.983940407501907310e-03
2.712225383835468150e-03
-7.229753962837318776e-03
-6.372954175075017103e-03
3.660446997616542686e-04
-4.776941093903198411e-03
-7.137459222815757676e-04
-1.484085615408824166e-03
4.067817948138256756e-03
-7.835312951789505376e-03
-3.254037654083380762e-03
1.082128564769764024e-02
-6.782978377464072423e-03
1.454480508630583147e-03
4.134112302202837957e-03
-1.243922577239212415e-02
-9.953715024381484811e-04
-5.825078276829813440e-03
1.144847704647061065e-02
-4.514020934721566305e-03
-7.313404735347797322e-03
5.165038252769588514e-03
8.371433636628908617e-03
8.620950686649881973e-04
3.211018160375954649e-03
-1.543111161438847669e-02
-9.993036528920052133e-03
4.622776516634979904e-06
-1.112816843028387875e-02
-2.483697960956132364e-03
8.649093245844379635e-03
