-1.119612090612650060e-02
1.088915390651770676e-03
5.431258762763398890e-03
-4.973462365074371450e-03
-3.501721389239879217e-03
-3.585303450233319131e-03
1.160578104194111976e-02
5.342914840141235050e-03
-3.973472393319150281e-03
2.467739891808309535e-03
-3.650762726079300954e-03
-5.629855864019003495e-03
1.236030947251842010e-03
-4.115546910357453791e-03
-4.361104922141374740e-04
-1.587033974701159214e-02
-5.021598626948779731e-03
-8.797437009108940997e-04
-1.166787191020577166e-02
-1.874603480303318678e-03
2.411615029646842906e-03
-1.039219084127351866e-03
1.164075207508961235e-02
4.817433241645827785e-03
-1.907851468048629706e-03
-1.272334460036612935e-02
-1.257898101645385340e-02
-5.241686920933173212e-03
7.498897149051728453e-03
1.146370652490281625e-02
8.880276741246244387e-03
7.354533565139452500e-03
3.982048845469859238e-03
1.542982645725565066e-03
4.915467365395158328e-03
