-8.140292637202161188e-03
3.449941904078660665e-03
1.588650829127425182e-03
-1.733436407820500985e-04
-2.069097855095650314e-03
5.016845818832094822e-03
3.024424389118305669e-03
-2.538920202879486714e-03
2.277460019501374722e-03
3.178288704250185545e-04
-9.009625718538527561e-03
-4.559993760550808996e-03
-9.735414292320757404e-04
-4.863625274528559500e-03
-1.856200044813744419e-03
-6.573388722448727899e-03
-6.704519077211280702e-03
-1.050586919929959867e-02
-3.793734762605135286e-03
2.179119945376254905e-03
-5.386340173677816798e-03
9.590459986235019829e-04
7.884530406774004074e-04
-1.205876590305483137e-03
3.955416949985579578e-05
2.310250300138807708e-03
-1.453859696826946026e-03
-1.820607961220088895e-03
4.589803162765716642e-03
-4.116660904911628553e-03
-6.672580267194606722e-03
8.353913159731472110e-03
1.419735644726805024e-05
-6.305832002801462985e-03
2.033883800482739340e-03
