-1.640859671441872092e-03
6.812819504053678477e-03
-9.357392896551011349e-03
-1.438453224852959730e-03
1.405836256867652734e-02
1.259618790042735074e-02
1.299131199900885152e-02
-9.419684813825160473e-04
6.665778372297056706e-03
1.348556470576206881e-02
7.126848781962256962e-03
-1.177197241718481828e-02
-5.874643266403376494e-03
3.966536951263143450e-03
-5.460565668717830799e-04
4.173385944959900201e-03
1.331186160531965326e-02
1.594391394781750210e-02
6.901589571278584842e-03
8.428984255255988697e-03
-2.504084667826136142e-03
