1.063673063680009405e-02
-6.253268545861300799e-03
1.633413937610304553e-02
1.050752245348639778e-02
5.455356794004835586e-04
8.551882457945738855e-03
-1.173270628414772344e-02
3.314173532456397234e-03
-3.173713979809250976e-03
-7.280312759643114843e-04
-5.639231589547819175e-03
2.327529917694190140e-02
1.566955090085252883e-02
9.921642769687414112e-03
8.439658264370349453e-03
7.700548225534850112e-04
-1.044730406306660329e-02
2.436290097613864718e-03
-1.118185710477980280e-02
-3.012511820655621418e-03
7.365963592000885490e-03
