1.899610156675523610e-03
-2.036073534463953786e-03
-1.198976484399959849e-03
4.524089092644084480e-03
3.007004018474566248e-03
2.659657653413647141e-03
6.981987591406011232e-03
-7.371342068149883651e-03
-1.183948388151371926e-03
-1.208172112863808772e-03
2.779460073725691007e-03
2.251979988446017183e-03
5.062593494202306029e-04
-1.140662355569796883e-03
2.011033311288877232e-03
9.199048375053350823e-04
-5.643131552675496529e-03
-3.877581589950404670e-03
5.531466835619170720e-03
-1.156805199159207254e-03
-4.020351561463904148e-03
