4.492479450135317652e-03
1.167063015974721847e-02
6.387253275698037171e-03
6.570514540689533466e-03
1.920957171040046235e-02
1.320543132377201452e-02
6.549589171718037985e-03
1.876600275269006560e-03
5.241456652069883572e-03
5.568019580276665700e-03
1.451412912792174846e-02
-4.634660264771066698e-03
2.914647666142950941e-03
5.420556476725861897e-03
1.563305238097486844e-04
-4.922701535604102115e-04
1.265828340189211094e-02
1.606675046767301260e-02
1.267690648214680159e-02
1.089509098070722166e-02
-3.114064031620946901e-03
