7.997967338974149021e-03
4.751652019600403204e-03
1.060205300228663633e-02
1.793135083885035591e-02
2.035304616159773483e-02
1.756003117266104196e-02
2.474853877782809061e-03
3.627417831642875626e-03
9.741934892007180630e-03
3.861502570542377395e-03
1.298895343957053895e-02
7.374696863262582107e-03
1.246390130956584290e-02
8.823793826279900318e-03
1.243755428264248057e-02
3.840843193472923481e-03
2.735669215959580548e-03
6.635149288647466080e-03
-6.805238779789128147e-03
1.213987175671143786e-03
-9.908609219517451551e-06
