3.389691666417667375e-03
1.350938913722927494e-02
1.090198630879229622e-02
1.120004977214786833e-02
1.035921147873803197e-02
1.616977737449222172e-02
-6.316985108080018898e-04
8.522656309137498568e-03
6.707206304012320805e-03
1.399326801526867142e-02
2.404058397166122796e-02
-3.267302121760080891e-03
1.084597824790732058e-02
1.151701698226549608e-02
1.563858087794157276e-02
6.760452992616680819e-03
4.929938945284528633e-03
1.312134040015979809e-02
-4.416593644362684645e-03
9.658813887215626087e-03
3.242126710476318091e-03
