7.588683841274419632e-03
7.442418835889169637e-03
2.954871146507448074e-03
2.636635549618142143e-04
-1.329203614511977158e-04
1.834504906945712364e-03
1.127556740403944102e-02
1.357200616994162246e-05
3.168445568042431871e-03
4.415516485732897019e-03
5.944650405396812581e-03
-4.450375562608906849e-03
1.250085244992155424e-03
-3.113445402808564123e-03
-4.197925079731678645e-03
-2.500004272571802050e-03
4.638420583855279748e-04
1.019443468232563701e-03
5.805109556558028967e-03
5.343623368838085544e-03
-6.031727311558743830e-03
