-4.253316883895335437e-03
1.045113812707482680e-02
-4.421310033458545306e-03
-1.456413854139357268e-03
1.285917070587546882e-02
1.697764591419318294e-03
1.239755557870411522e-02
7.148014342864390802e-03
9.507652588006534206e-03
2.175527047833674191e-02
1.857459563068034752e-02
-1.423272653808059333e-02
-3.427217201225230252e-03
2.323928678525211122e-03
1.223215778441957531e-03
6.356013910773846733e-03
1.937778795411327151e-02
1.857669665951249688e-02
8.376442280501767215e-03
9.267292010279237421e-03
-1.780938627205359837e-03
