-8.720005438789594360e-03
-5.123694815523443732e-04
-1.057081491645685788e-02
-1.465010163530022086e-02
-1.114405478862650484e-02
-1.047403595425203636e-02
-2.330147698245074468e-03
-9.100756670774939276e-04
-6.276384626098724384e-03
-1.413067164130809433e-02
-1.088746455234161116e-02
-7.519038279882382485e-03
-1.418701384614087964e-02
-7.548717359763845378e-03
-9.848818273712854968e-03
-2.021571021051211340e-03
-4.316888555974182119e-03
-3.431523329302871121e-03
1.574566199631627968e-03
2.955531144850253710e-03
4.127721128621770347e-03
