9.186750561403320137e-03
-7.041734043396239741e-03
8.756609175479743851e-03
1.007886432478879123e-02
4.741596932011326454e-03
8.490688147526435220e-03
-9.841691662158586276e-03
1.956996843001935962e-03
-7.665339217564638144e-04
-9.539523284189523750e-03
-7.135108152747490252e-03
1.760764924009471100e-02
1.398369767396545615e-02
8.487056752168351675e-03
6.568944876263776121e-03
1.353591867817754849e-03
-1.111462108045187594e-02
-4.931778809861686770e-03
-1.018053984346543352e-02
-7.978138155671797571e-03
3.430240178941278660e-03
