-8.170290060916451328e-04
5.659064166611463449e-03
7.528579591287658896e-04
4.150211565883132891e-03
5.452882713940224689e-03
7.492718565782185633e-03
1.186859507722839860e-03
2.858231747521013544e-03
-3.621625041246023802e-03
1.247108423546786603e-02
1.188786389182029321e-02
-7.937333949844943559e-03
-4.901961964265924739e-03
-4.888677416152527495e-03
-2.009872524862598483e-03
2.993914627614585600e-03
5.400180891380969121e-03
9.142309525561193029e-03
2.028004262806431916e-03
1.263425371561728312e-04
7.966809666390082048e-03
