4.307961394230632422e-03
5.503770507801468035e-04
-3.802711257255069095e-03
-5.465946226412651821e-03
-3.200258188025182325e-03
-5.843621198850889112e-03
-6.060742845681644543e-03
1.136510220819948562e-03
-3.842496443463071752e-03
5.985224303756446138e-04
-4.036876696330956443e-03
-1.585831426144971310e-03
4.478335572913367960e-04
3.075940132856912201e-03
-1.078054710296331249e-03
-5.802578954113891269e-03
1.350667010065512933e-03
6.727830758398911561e-04
3.361180918064079690e-03
-9.854347104236179484e-05
1.209022758567768197e-03
