-2.065801790410786657e-03
9.891812966251471023e-03
-5.653656230755932550e-03
1.965411778501849598e-03
1.670839834928682099e-02
1.136779314916008463e-02
2.170962276660534998e-02
-1.944906694264225905e-03
1.333644599348248264e-02
2.069877346593509970e-02
1.941753534707277989e-02
-1.283324381317193542e-02
-1.515615515058693977e-02
4.436312079603334105e-04
1.842024882670268522e-03
2.842126915354583738e-03
2.164830865776117691e-02
1.553736376450719214e-02
1.881080451892322772e-02
1.567068418868730302e-03
-8.594642854210117131e-03
