1.215174365262119797e-02
-6.032378575705699825e-03
1.149590352689548040e-02
7.370163844973472156e-03
2.839833638610106577e-03
3.223062869683998057e-03
-1.387197966130372662e-02
3.482182226892126947e-03
3.515728862690099561e-03
-5.008269409402730556e-03
4.086685437350732943e-04
1.611644495623258330e-02
1.113452215436572072e-02
3.524671504901057649e-03
1.061126024573693684e-02
1.780761809432836141e-03
-1.336159540764483497e-03
-8.535831362191395599e-03
1.497564341688314635e-03
-4.477531487352814227e-03
-4.754110088702687966e-04
