3.608274023585555240e-03
-2.553302171303786609e-03
-3.811740772599962832e-03
-9.738734901701648003e-03
-1.344639557016042743e-02
-9.892033198451576081e-03
-1.484766636612111111e-03
-4.489469775738235205e-03
6.018407119369114126e-04
-1.505019696463618176e-02
-7.215257441012482703e-03
1.225012485773407976e-03
1.098593313048616682e-02
-5.300938162271743616e-03
-4.350246333748464950e-03
-4.078287732755645108e-03
-1.008093749719526228e-02
-6.170590679876235274e-03
-3.408345531013696680e-03
-2.538674757092999716e-03
3.052574920456035783e-03
