1.828818328314439981e-02
-2.712213157776422780e-03
2.546583327966997837e-02
2.327198978241544480e-02
9.294958122594242783e-03
1.449362290025448842e-02
-1.269487292895707213e-02
7.289087240031705099e-03
8.975446220581932699e-03
-1.581243076270956915e-04
2.672915542877309179e-03
1.772651898861889522e-02
1.439663443141614776e-02
1.599321021166957152e-02
1.838473887795854037e-02
7.189914100078189166e-03
-4.349890565152320261e-03
-3.237217242188858077e-03
-6.268065268392040111e-03
-1.146290406092988125e-03
5.167850434887330015e-03
