-5.669225884092711325e-03
1.791241611546465868e-03
-2.291986490373819872e-03
2.018714066599385740e-03
2.781363520733129164e-03
-2.768635478768315117e-03
-3.645118957314032009e-03
8.475983970261471295e-03
7.074795895162247429e-05
1.065708959218028724e-02
7.909662509331871413e-03
-1.502966770138370722e-03
-7.056317620705203700e-03
9.794550906129101397e-03
4.902498548921834128e-03
4.744918278579150946e-03
6.897524707063570383e-03
4.909058280471859277e-03
6.649545024289469069e-04
3.119235423103032794e-03
-2.618721266276514146e-04
