6.376231854444187495e-04
1.325430618880637547e-03
-8.538986448506900168e-03
-1.719191531327706563e-03
-3.336972110970978182e-03
-3.892849126394017090e-03
4.318976947850926198e-04
1.215644668024698592e-03
-5.157807309578713506e-04
-3.719620456137645755e-03
3.278957055797793348e-03
2.316867249334105189e-04
6.138454251888972139e-03
-5.016116616451855859e-03
-8.125595102565550884e-03
-1.280164848615493499e-03
2.741218286422940180e-03
4.877738737510683119e-03
1.454400997718197780e-03
2.005053655883571977e-03
-2.306800765398056910e-03
