-1.023466615393294485e-03
1.268849896458855257e-02
1.551646342117994582e-03
7.624515660838008559e-03
1.742191768646047037e-02
3.088110533019081810e-03
9.643297331518895996e-03
-2.296508027594838309e-04
6.550857808796798840e-03
1.398061531698303016e-02
9.808341950312117127e-03
-1.555597178262590682e-02
-4.875967885695755601e-03
7.172443414192417911e-03
-8.936570616579378283e-04
6.095401929197351298e-03
1.406252571156935832e-02
1.131363734331527343e-02
6.057320997869991216e-03
6.761226119947103853e-03
-9.284905974955312211e-03
