5.358156577812469082e-03
1.667898391048260520e-03
7.760996337641237058e-03
1.898095314494514449e-02
1.528500910497578372e-02
1.535593855485195731e-02
-4.815810693696832845e-03
1.759711056254636323e-03
1.055325742435220086e-02
9.382343151877588217e-03
4.852340422838836986e-03
1.138942136826968758e-02
9.494052226348772411e-03
6.912940484063822243e-03
1.570179279812966913e-02
4.499002962073886044e-03
6.155075483230438606e-03
-1.047654357567058721e-03
-3.075940175903635939e-03
3.039109532578199765e-03
-2.708110364570548347e-03
