5.303401470455962503e-03
-6.372392107719027435e-03
1.225757389323785251e-02
1.337797299510838644e-02
8.745088053434484738e-04
3.144841218882026869e-03
-9.160091702836313868e-03
-1.744976609796175873e-03
1.046331664768471127e-03
-1.172721716777421277e-02
-8.358824461895163552e-03
2.046176713991895366e-02
2.510079386811972513e-02
6.550193383249350819e-04
7.966824874325087111e-03
2.197373882139189247e-03
-9.811171925999381815e-03
-3.415361372203247828e-03
-7.222104335871224953e-03
-1.059841424708266554e-02
-1.844695385198310026e-03
