4.689748825976954028e-03
-1.389625447039615977e-02
1.937280970843673457e-03
-8.770983251371537726e-03
-1.674337304769103404e-02
-9.987022626671681474e-03
-1.515338272733894598e-02
-5.673264934418299592e-03
-7.048001326962607949e-03
-2.464232761454803258e-02
-2.994564741975729721e-02
1.562762240968360028e-02
4.868346423293964942e-03
-4.018133251722565656e-03
-1.769927510265298029e-03
-1.006933346889619246e-02
-1.233389593045943269e-02
-2.323069529737024214e-02
-9.509692100957076177e-03
-8.096781533639173592e-03
8.047244290424224004e-04
