-7.650731865620815503e-03
-5.529573473615215055e-03
-1.037623460242059585e-02
-1.603066183846043810e-02
-5.241068731880075410e-03
-1.129148339272188425e-02
8.612399489252109061e-03
-5.950232149631974957e-03
2.998368796400432534e-03
3.136454543241498985e-03
-4.550059676262470571e-04
-1.267230949537538273e-02
-9.164174290246459437e-03
-7.716562216956514980e-03
-7.604660140511567724e-03
4.608289125144097130e-03
3.170169102197953250e-03
4.215781041799467684e-04
9.543889063777906412e-03
1.058695141963834256e-03
-1.539757526508161176e-03
