-3.452727743826736802e-03
-1.455482782495749966e-03
-6.258234646198619459e-03
-2.231573849642326263e-03
9.272011903086201448e-03
-3.568439993405768959e-04
7.856599957035165227e-03
-2.282418946361628419e-03
5.442810635524107481e-03
1.329878802385746524e-02
9.504436177494019269e-03
-6.762935146013272086e-03
-7.938763880293134984e-03
-1.262643563780109762e-03
-6.503512851613716967e-04
4.855819554913006104e-03
1.416447782218636237e-02
1.119506049359489039e-02
6.909180207187654195e-03
8.122369630440809743e-03
-7.534720584593356321e-03
