3.314208700236455536e-03
-1.218482132625405522e-02
2.698830604099001877e-03
-1.610364033314379663e-03
-1.298019706540105671e-02
-9.253910993604074625e-03
-1.437553648075332556e-02
-4.984540014973730566e-03
-5.636023867936366429e-03
-1.274295806976116774e-02
-1.313987275509826899e-02
1.021493636722250672e-02
-2.139485961080437454e-03
-6.144002871057019019e-03
-8.782537773781109482e-04
-6.887173594814851793e-03
-1.736576253716938870e-02
-1.539923340365230604e-02
-5.164634300167866669e-03
-7.002426752542672238e-03
-2.467395034976855878e-03
