3.563116709698320363e-03
7.947547158946546147e-03
-2.760016839108101697e-03
1.331624354004690798e-03
-7.618770324747457627e-04
1.023588294624721944e-02
1.827036323658233876e-03
-2.816544486221192033e-03
7.402536695880029306e-03
2.783299060534535213e-03
5.485636061262222189e-03
-4.233742795614939790e-03
4.949547369687170954e-03
1.978558864885361732e-03
-3.282692142724187318e-03
8.976183242767277193e-03
7.871385588073430070e-03
5.009434663633252627e-03
3.274137408933466831e-03
6.816740768576372636e-03
-7.920359392497473838e-03
