-1.691340581422324379e-02
1.723278366263245390e-02
-1.450163602331982875e-02
-5.623746716910963533e-03
1.496032985036455099e-02
1.500240898599494027e-02
2.295006857072919709e-02
3.500685181555186157e-03
1.672091786007567915e-02
2.690027329951342333e-02
2.841409341097830485e-02
-3.531972313618560178e-02
-1.125074933760229767e-02
3.070461027873330837e-03
-6.203847069956663039e-03
1.134562919821717475e-02
2.581120314760507878e-02
2.387418914529576552e-02
2.182010751452735653e-02
1.651060879254845001e-02
-3.940313565837490553e-04
