-1.029024099461370301e-02
1.084715894151238279e-02
-1.051411371478408636e-02
-7.991882331971371031e-03
1.468676132026962983e-02
7.919610972184932055e-03
2.076346923860000748e-02
5.807421182257609723e-04
6.554082943068985888e-03
2.175485534780994754e-02
1.423895249638455936e-02
-1.708632266738316710e-02
-1.243104451026498872e-02
5.595703993100428764e-03
3.867335145673870926e-03
2.618347431538381020e-03
2.015715359661375897e-02
2.091368433612399505e-02
1.637419348704942726e-02
9.437418330875401232e-03
-8.106114168061560529e-03
