-6.954394524247190824e-03
7.057983337595745942e-03
-6.567710917635821537e-03
-1.244010674199280166e-02
-3.918026018748342956e-03
-4.490788082643947139e-03
1.908914170094795637e-02
-3.319045299597466261e-03
3.239154992969878470e-04
7.881715998964800712e-03
5.193593445390141256e-03
-1.272323419420379707e-02
-1.355340701836521208e-02
-1.294975951842838348e-02
-1.407302616111286153e-02
1.170316534351871799e-03
1.453867003518926823e-02
2.290915830326317824e-03
1.027614586618001875e-02
2.925755018630607409e-03
-4.250860986374602191e-03
