7.171125356112099426e-03
-2.398457500059228940e-03
6.727606837180361184e-03
-4.702035729989319235e-03
-3.533396433128785288e-03
-1.716591100644455827e-03
-9.702914393301408785e-03
-3.117466176360512726e-03
-6.495053619991893526e-03
-1.093025411826133338e-02
-1.450893998875894819e-02
9.204293809831030904e-03
1.286690012263666354e-02
-1.660275576391673658e-03
3.883894152174219256e-05
-8.964450938478189801e-03
-1.118665800110537310e-02
-2.541738149214462384e-03
-3.040269006954646018e-03
-3.637624212786744714e-03
7.327854898334582902e-03
