-1.504934261094426550e-03
2.901857459715837320e-03
-9.058210901006934559e-03
-1.046830844490267282e-02
2.011451990818676708e-03
3.739908256897991282e-03
2.023137167933487801e-03
-4.264853155694204798e-03
1.854411934606851583e-03
9.640942869498854428e-03
7.871991084933228910e-03
-1.273282866359854403e-02
-7.628235989597255406e-03
-8.028271527061919734e-04
-5.143509676948799202e-03
5.974711812670079406e-03
1.000495872230522561e-02
8.204625259723768646e-03
9.607907619156710877e-03
6.942196924988848841e-03
-2.955680176869699468e-03
