-1.406293903273146510e-02
7.670851878241797227e-03
-1.104734549642306767e-02
-1.286058232727465937e-02
7.808377756769601871e-03
-5.491635128435507808e-03
1.664675640007734145e-02
-5.450311963150321869e-03
1.519614704914120642e-03
1.073134244457865476e-02
-9.136165874944146776e-04
-9.635459828385862374e-03
-8.352427926147282938e-03
-8.543991615407866072e-03
-8.584694034027024606e-03
7.959547799814214401e-04
5.445781014458092074e-03
7.409878384300883601e-03
8.313996138179147524e-03
2.809203490065801875e-03
-9.979083924610360201e-03
