-1.058748431889502614e-02
1.330129957653732216e-02
-1.363392253496198588e-02
-7.569481927423209709e-03
8.299651771140394499e-03
4.177173188974301656e-03
1.574849125823018711e-02
4.035036880117015817e-04
4.606653220599241615e-03
1.871379244925337054e-02
1.269555965277367748e-02
-2.191837629266721321e-02
-1.784635711484222620e-02
-7.540568008276414373e-03
-6.846666368061645781e-03
6.382269477963794721e-03
1.292394858756385281e-02
1.325110196338547854e-02
1.489559226933152847e-02
6.883029841868951865e-03
-5.978678626979837263e-03
