6.841391764037716393e-03
-2.736730169725142513e-03
6.117515453516391560e-03
1.069146898955116755e-02
6.668050089850688540e-03
1.129158107683711672e-02
1.540154538061316110e-04
-1.791679062630613004e-04
1.345830800407033130e-02
1.767780063442231766e-03
1.031814461910614440e-02
1.373881745032296334e-02
8.220316899339127556e-03
1.375675203368546991e-02
1.136531624223483493e-02
2.692866305525967729e-03
-7.936080002210408593e-04
3.669253137817019873e-03
3.472077442639844979e-03
4.419443946381563723e-03
8.191208926157508494e-04
