1.000000000000000000e+00
8.896016979638257105e-01
1.627101293004430682e-02
9.375359978863796462e-01
-2.542803704399168932e-03
8.219131239833263880e-01
2.093522834039338032e-02
8.037194195771041327e-01
1.870752748419923089e-02
8.232071036702522937e-01
7.651895921135083711e-03
8.000592293898080021e-01
1.159656879149539681e-02
7.957552701641815718e-01
-1.010255475167645169e-02
9.812391105824335158e-01
7.152464152845444505e-03
9.514627006092165606e-01
8.540031625869094409e-03
7.984401923036744675e-01
-1.262528036419091062e-04
8.580739549684104350e-01
2.293564673282937321e-03
7.550207770802099816e-01
1.338529218886647110e-02
8.018846840887765559e-01
1.154523829789364138e-02
9.322102600549572182e-01
1.491030593867829004e-02
8.827538405276529332e-01
1.623102758115096272e-02
9.826615919724225323e-01
7.065374184001708101e-03
8.142537545541765898e-01
-3.541937064247219734e-03
8.884375883203525781e-01
-2.876075526209865250e-03
8.861563411939257229e-01
-5.554558528481097664e-03
9.463369978232764046e-01
-1.084777496661629018e-03
9.857868956591451237e-01
5.094444589416369934e-03
-7.724794268601228387e-04
