1.000000000000000000e+00
8.869200517672541917e-01
2.939448914271100121e-03
9.359120141735601806e-01
-1.140448508286138161e-02
8.190329546430400454e-01
2.210436570467970256e-03
8.052978844667493252e-01
-1.296823870255421011e-03
8.206209532347950031e-01
-1.065241995519530631e-02
7.958413606480738700e-01
-7.364855347139737107e-03
7.989098581104638885e-01
-1.148554900706076111e-02
9.823285382360541496e-01
-4.896496458950157574e-03
9.429926657817128133e-01
-5.314785446057487643e-03
8.034453387722952922e-01
-1.023882447293118260e-02
8.532155432587559263e-01
-1.121178894035335973e-02
7.628714424733580302e-01
7.792954294865914178e-03
8.025494550840791552e-01
-1.717045912094696154e-03
9.294216033426552226e-01
-5.710440853582414607e-03
8.875184791507526594e-01
-7.794666572156286333e-04
9.883970916704641896e-01
-6.807369982975115114e-03
8.146146388491294354e-01
-1.414782659146302489e-02
8.932037651802152700e-01
-1.375574060310806070e-02
8.868476777094390640e-01
-4.580284659388865996e-03
9.531114662871614795e-01
-6.674202317609592011e-03
9.824233596596321227e-01
-2.424031439070168346e-03
-6.985234161672135853e-04
