1.000000000000000000e+00
8.848697946795364144e-01
-9.368895146267668464e-03
9.324721424502676603e-01
1.240382283581054068e-02
8.175235866577952315e-01
-1.114674392609093199e-02
8.026658710451294310e-01
-6.075880848441837269e-03
8.132106956427821443e-01
6.749520569599167484e-03
7.980018408382989481e-01
3.333411282306527647e-03
7.973108750564715796e-01
1.255748151091318557e-02
9.805925144156548701e-01
3.956727174772323185e-04
9.550098459820776098e-01
4.399430303217170303e-03
8.069965342526933538e-01
1.510372882939679806e-02
8.612581554829071839e-01
1.093474177283145464e-02
7.633473824115892814e-01
-1.673401501404775046e-02
8.029795880111291195e-01
-1.433178203739928630e-02
9.275676146698161872e-01
-6.994519251036651793e-03
8.805812404790270831e-01
-6.029140172841962637e-03
9.847401552349250853e-01
6.284962372598959339e-03
8.188697563319606854e-01
1.058361989250522148e-02
8.938509640911945775e-01
1.184520357984951075e-02
8.879443600332511677e-01
1.322743545463688115e-02
9.488146120236405912e-01
6.530822424250765090e-03
9.790809578846243477e-01
-5.853680142968706313e-03
-7.310939672896392709e-04
