1.000000000000000000e+00
8.890339824484260189e-01
8.167563209596278781e-03
9.375902832204985327e-01
-6.602370544894362037e-03
8.217973942038826474e-01
7.196342537618975917e-03
8.046090942286643344e-01
8.109820505081823810e-03
8.157600215031101110e-01
3.868034203264413343e-03
8.010892318002701407e-01
6.801962301544970356e-03
8.008698630852547629e-01
-7.882168741694449074e-03
9.880446014321730974e-01
1.933602634209239789e-03
9.537967243068526946e-01
-7.311176868367157437e-04
8.036121888865110918e-01
-7.666309739881084842e-03
8.662183673657158911e-01
-6.180666620842029287e-03
7.633621842489843878e-01
1.344240279175059477e-02
8.065453464057099620e-01
1.127922148801153990e-02
9.394101979350064635e-01
7.973019096899536598e-03
8.911435958775668631e-01
5.853957359840574783e-03
9.859354552037137287e-01
1.334555029419153167e-03
8.149645305117716454e-01
-9.058394962727379582e-03
8.928178237751588364e-01
-4.403215723405725333e-03
8.876893844622133489e-01
-9.037469373955069399e-03
9.528012991020002875e-01
-7.601741685187569410e-03
9.887311802776242997e-01
3.391598723240143130e-03
-5.872729338384870181e-04
