1.000000000000000000e+00
8.932328229850974299e-01
3.182706266242069613e-03
9.313383075018604185e-01
7.402010966115053943e-03
8.100310146041227455e-01
-2.235704917481280002e-03
8.020650652431766670e-01
1.068050005671344546e-03
8.207212147025553239e-01
-6.252887645309889667e-04
8.027080822556968975e-01
8.216712936022631947e-03
7.971544147736114860e-01
1.456431691909234119e-03
9.826702320038399607e-01
-2.767741742488549588e-03
9.577569262927830840e-01
7.089960297238888202e-03
7.990918578041403819e-01
2.224117360339793875e-03
8.578983841249930853e-01
4.706165519245401885e-03
7.540180752196046221e-01
-3.192337667515808639e-03
8.038188048231992289e-01
3.978571740213059441e-03
9.351705135735656205e-01
1.850292324254487319e-03
8.841207140202779202e-01
-2.902306546292167649e-03
9.836847335280372029e-01
8.829971571628470947e-03
8.140337305139377921e-01
6.407705712848669501e-03
8.858813543589680872e-01
4.437801885832239925e-03
8.925363164528907767e-01
2.922296984855177453e-03
9.470338653325474088e-01
6.455784355042950770e-03
9.810923932064088415e-01
-7.770766844275649524e-03
-8.480794922424658190e-04
