1.000000000000000000e+00
8.873639744604346902e-01
-7.738014813475025712e-03
9.362277997593458911e-01
-4.796945943544613368e-04
8.207970815873739667e-01
-8.676817224509318985e-03
8.028482395328386811e-01
-1.176264984036686813e-02
8.177113076347322096e-01
-9.112996864247577961e-03
8.059806267194286056e-01
-8.442178782563267495e-03
8.066672383181530126e-01
-1.879657210539583453e-03
9.815298650477476405e-01
-8.932666933022148821e-04
9.568028555681438174e-01
-6.005341589250714172e-03
8.057639124446953627e-01
-1.138674316325175538e-02
8.657989308368212455e-01
-9.426727643526216019e-03
7.596685427231537613e-01
-5.712084499179388014e-03
8.024419550785945043e-01
-1.138501896376424918e-02
9.357680997598292194e-01
-7.063983075844174064e-03
8.912793668030677408e-01
-8.778332347056300167e-03
9.897422093655391384e-01
-2.000836894404972154e-03
8.186422676404706555e-01
-3.534009389350075466e-03
8.886379754853830359e-01
-3.049393913421231950e-03
8.968728104710375071e-01
1.412186779795306405e-03
9.517883322569437032e-01
2.813048250108176208e-03
9.865736104295729225e-01
4.072323864932676785e-03
-6.606998695967048092e-04
