1.000000000000000000e+00
8.942246083267574308e-01
-6.218890975909773487e-03
9.346823185760549935e-01
6.597081775645061499e-03
8.216568965809538660e-01
-5.396482562561998042e-03
8.071265263098571507e-01
-1.004125812943634961e-02
8.154224908992403487e-01
-3.194862883669113279e-03
8.016223449834879444e-01
-3.599940273877100510e-03
7.940077776386578190e-01
1.515876828519213855e-02
9.828200607797211719e-01
-3.262036281354141649e-03
9.487846257213556900e-01
3.073260565141834881e-04
7.977053024440274864e-01
6.287416839748852584e-03
8.569077739256949489e-01
4.450470612830079858e-03
7.596450583802339951e-01
-9.665663549293074253e-03
8.063756719045030996e-01
-1.092980694894493156e-02
9.346185334769958608e-01
-1.210376184280187624e-02
8.964034193638332759e-01
-1.261594164530404662e-02
9.843459359085042770e-01
1.151996850256463943e-03
8.145477829657562507e-01
1.184327590548839813e-02
8.887556749160857583e-01
2.036068006920936733e-03
8.895617579308428002e-01
9.141588165124217222e-03
9.540263960274065758e-01
2.791255480509582509e-03
9.890830214939894116e-01
-4.204479753114370895e-03
-7.549021379769147279e-04
