1.000000000000000000e+00
8.851205012326918142e-01
3.193771172938138399e-03
9.316435176768542714e-01
-2.378772585919577531e-03
8.140886420931694456e-01
-3.103109898333223076e-03
7.901585508043444950e-01
-7.695387942585024503e-03
8.122305353594367894e-01
-1.092223134723678026e-02
7.960775014216957546e-01
-7.875081939294216113e-03
8.030501414392594572e-01
-1.192342933721815025e-03
9.847587641363104716e-01
-4.421074410774183429e-03
9.519947399493224882e-01
5.729492612277090665e-04
8.013376096331384923e-01
-1.206119952835219694e-02
8.607089210852669758e-01
-6.210344217829329681e-03
7.568095548225831637e-01
9.271016177637337761e-04
8.065555807736147775e-01
8.861122164358966463e-03
9.378703776227309552e-01
-4.971639443690755063e-03
8.896954703163989508e-01
-3.870418873359359260e-03
9.825894587448568140e-01
-4.007304753031834532e-03
8.120919869288291126e-01
-8.186925897017291454e-03
8.834686678997849540e-01
-5.451592720239595291e-03
8.867369893638068490e-01
-3.022317758131447436e-03
9.463899392899334240e-01
-2.402581410685584486e-03
9.901817678742026452e-01
3.022613419763980468e-03
-5.783112307787777878e-04
