1.000000000000000000e+00
8.877713006663678907e-01
3.824508149290726383e-03
9.379518591876409017e-01
5.162272301577566390e-04
8.196537568765581705e-01
-3.116921592539250666e-03
8.030111871082373787e-01
-4.389259680033797892e-03
8.184491495049450727e-01
-2.619257534033349929e-03
8.019519095345916115e-01
-4.686356522228304032e-03
8.041974982287692919e-01
-4.874093913438172672e-03
9.821372365980483021e-01
1.116209488227618224e-03
9.556065928575522284e-01
-3.671933006182476027e-03
8.070325663456739962e-01
4.830271506796349158e-04
8.695395722046440623e-01
-3.510243103668751665e-03
7.555461365705342658e-01
-1.198169811686443549e-03
8.013006068361867573e-01
3.588493252088196237e-04
9.407027430341391439e-01
2.893554446092487607e-03
8.885751182225601896e-01
-9.579329627558342457e-04
9.825637598194635336e-01
-5.701467783273238797e-03
8.174678406748315806e-01
1.104127515609514823e-03
8.918496471493740918e-01
6.000214393265284512e-04
8.936805086526110609e-01
3.003833184509822375e-03
9.503532722336965888e-01
-9.365111046551794665e-05
9.849284868305032692e-01
1.190801536352353168e-03
-8.051878921828917613e-04
