1.000000000000000000e+00
8.853253538812299039e-01
4.743757265996813473e-03
9.379631003142940848e-01
1.564428596563956090e-03
8.221251122273306455e-01
6.380638094054849954e-03
8.035669571288871493e-01
1.525429872829466189e-02
8.157396847681128715e-01
1.246955961808274456e-02
7.992037075600223472e-01
1.227348775724292247e-02
8.024832604580495188e-01
-3.864637343537902746e-03
9.774569748121245683e-01
1.720043621009751311e-03
9.521847439240672673e-01
1.004902377836203002e-02
7.995828463565862743e-01
7.502180779062077656e-03
8.629826922799260780e-01
4.187518667343850635e-03
7.632547693505973285e-01
8.693406082473022212e-03
8.017936268901616481e-01
7.612499292509705695e-03
9.348267751874566045e-01
6.462504805108685441e-03
8.911054592282489084e-01
1.399310328358591149e-02
9.863050269344083576e-01
4.437419177034757252e-03
8.165733530052071698e-01
5.026134097121964794e-03
8.873249977735426786e-01
-9.296102406027525501e-04
8.928520386418562493e-01
-2.746368118304478526e-03
9.531097931988490313e-01
2.896613975998959308e-03
9.870142488679364279e-01
-2.672950051689979879e-03
-5.530590239742585101e-04
