1.000000000000000000e+00
8.865147087768557865e-01
-7.243083925649907188e-04
9.270544308559535152e-01
5.246316514716339863e-03
8.184873978057057853e-01
6.162048683052570933e-04
8.006089743576780826e-01
3.322715702252977080e-03
8.091559117519253608e-01
4.412276015596540250e-03
7.915784286766827105e-01
5.931185383126967060e-03
7.954968930752506218e-01
9.441434942283937143e-04
9.808131930921456521e-01
2.803399040999869987e-03
9.449234512540360953e-01
-3.422173395068972470e-03
8.000263228901743906e-01
9.977712939771555406e-03
8.563058284087683436e-01
1.018012669868727411e-02
7.626047006449393484e-01
-6.053175300518620454e-03
8.064034416592308352e-01
-3.952990661359451555e-03
9.343659268345858582e-01
-4.567849994266406748e-03
8.926887345631995263e-01
-1.794192976786799891e-03
9.775744269359536442e-01
2.926783121155084304e-03
8.149336402630853460e-01
4.400831850926914882e-03
8.907227789125582440e-01
8.143490230138435843e-03
8.883886688054849490e-01
1.801658477321568808e-03
9.433017484324622837e-01
1.191791368349409799e-04
9.820988886099644155e-01
7.824360457362081189e-03
-6.582273567992142499e-04
