1.000000000000000000e+00
8.888804289619757215e-01
6.081274123495424185e-03
9.340343230866574586e-01
-2.556206293285870085e-03
8.129128959719790215e-01
4.973069240999464409e-03
8.011449172055623569e-01
8.565742417153573290e-03
8.174657741840499758e-01
5.450983518067779171e-03
8.055352384994666215e-01
9.096153044959814568e-03
8.067763536241264744e-01
1.242560272059584309e-04
9.862874851547174249e-01
-1.767110655795063395e-04
9.522680563149010791e-01
1.281669062586821527e-02
8.078771075485445818e-01
1.428150532114873207e-03
8.649423912483765742e-01
8.924917410135750975e-03
7.635293461338632515e-01
1.049065036740730317e-02
7.960835047127459152e-01
6.544206092949288352e-03
9.416774832384654514e-01
1.295524089504882133e-02
8.897056216760120817e-01
1.011222115652012955e-02
9.808525255275239996e-01
2.641311101200834524e-03
8.098702697366179093e-01
-6.427196601353647037e-04
8.900401392713985782e-01
3.265797230082877201e-03
8.882450012630039859e-01
3.084067825576167123e-03
9.536915718518041984e-01
4.214813884495737482e-03
9.880309030085264732e-01
8.093169362104693119e-04
-4.221599124410423402e-04
