1.000000000000000000e+00
8.867187806311201959e-01
5.653925301220303224e-04
9.422681739681478819e-01
1.248911820322959202e-03
8.168993571391437447e-01
-6.975662083044304601e-03
8.023391335867890994e-01
-1.379376002685698752e-03
8.145295551307467630e-01
-2.718072497966366689e-03
7.998901741381235775e-01
-3.113867495088050181e-03
7.996963454962553453e-01
3.453870296235570306e-04
9.797587103405140940e-01
1.191039038878896920e-03
9.507314014401749835e-01
-4.903689806636634795e-04
8.047365214522655963e-01
-2.993328231814716689e-03
8.625557854790116830e-01
2.828293515011429723e-03
7.577174444224632488e-01
1.755530762643099218e-04
7.986163376669054292e-01
4.902331428030961592e-03
9.386232687887846593e-01
-4.708283264266192002e-03
8.868443000064805126e-01
-7.206296300850499950e-03
9.812890641888801779e-01
-1.256212452541689926e-03
8.090245869494128161e-01
2.217718546765281521e-03
8.853638099982857890e-01
4.318607602792894941e-03
8.889954798482568865e-01
1.292956824514613539e-03
9.477774011998589820e-01
1.900347089857522178e-03
9.861869318940551521e-01
-2.274940804556943239e-03
-4.167348749668509100e-04
