1.000000000000000000e+00
8.893831480738486617e-01
-1.504393264071563104e-02
9.354180372272163924e-01
1.612145255757257978e-02
8.209367562482440261e-01
-1.190576063266776848e-02
7.975531037537280099e-01
-4.485283933548219262e-03
8.187678881437254752e-01
1.224995158437350122e-02
8.060407950894384888e-01
1.209346098186929105e-02
7.985644498578976513e-01
1.833032722435094103e-02
9.774013439047646301e-01
3.421588378007653537e-03
9.468583802199970201e-01
1.583381688246141353e-02
8.073321016910995906e-01
2.172269412444895187e-02
8.600834013582711046e-01
2.444506912428550879e-02
7.581095383242500985e-01
-2.678735885051836824e-02
8.048641840003877279e-01
-9.055707276772314782e-03
9.298100272853830894e-01
2.854954424025282593e-03
8.902754357958482245e-01
-5.523203512498886178e-03
9.814504255556378842e-01
1.113565041478382922e-02
8.083751520235418209e-01
2.086977008115391274e-02
8.946439078181804838e-01
2.136295682452841321e-02
8.835914459470958215e-01
1.928312078775647198e-02
9.510199895853753693e-01
1.570334593963214342e-02
9.830089556384893346e-01
-3.873363723702486286e-04
-6.846019857554164895e-04
