1.000000000000000000e+00
8.906402297547632019e-01
-1.839888798504539643e-03
9.384053117236521580e-01
9.282832600838284917e-03
8.164982186756947202e-01
-4.616249425857180469e-03
8.011125358442585664e-01
1.574518041226551915e-03
8.176281556339212164e-01
1.366252834155338471e-02
7.957808583833567706e-01
9.046661883670975915e-03
8.060836894264963304e-01
1.750252259350645878e-02
9.837274903898577394e-01
-1.913260593797669199e-03
9.578683114270455379e-01
1.277531642249396526e-02
8.060431758410174785e-01
1.668648821724709116e-02
8.639542352755297250e-01
1.677797061386499672e-02
7.615797184762104211e-01
-9.774074787383216570e-03
8.008340234280310055e-01
-1.213849416378726814e-02
9.340809069353127603e-01
4.143874682614094671e-04
8.897834510177869971e-01
1.639005110708598775e-03
9.900627868631677320e-01
2.813891671016083198e-03
8.226824427595005318e-01
1.781246613485696836e-02
8.968600539953907047e-01
1.393596234820053924e-02
8.943859536282907641e-01
1.682610400357960334e-02
9.504544346674547173e-01
1.489428347339400837e-03
9.886078996388462103e-01
-8.496941038300381138e-03
-8.914296614354295456e-04
