1.000000000000000000e+00
8.861673187234144766e-01
-9.119197147890627589e-03
9.322593409789853292e-01
1.011276187482978463e-02
8.181290120274348210e-01
-8.602218450120541551e-03
8.078243416601921245e-01
-6.456174536385925547e-03
8.158339321028948987e-01
1.198281981873373578e-02
7.995013582275447561e-01
6.331872108290913237e-03
7.985348769091424881e-01
1.658273748022224756e-02
9.881803745457613530e-01
5.738780284184700478e-04
9.431739991423969682e-01
6.181729134504373308e-03
8.062319063675563724e-01
1.754222601205526408e-02
8.580382123694818564e-01
1.221839110768260100e-02
7.577828063410932957e-01
-1.294898168449161620e-02
7.990492950257434002e-01
-9.933529036585805536e-03
9.305647077023139202e-01
5.207219000154011262e-03
8.903761992665775171e-01
3.443400335133424590e-03
9.849233651203643802e-01
2.578877456701663285e-03
8.135531934036827062e-01
1.640113805869237995e-02
8.944543874876467182e-01
1.870906446306162124e-02
8.832727229298307225e-01
1.446417117347958622e-02
9.425239913149620063e-01
8.895257279455904761e-03
9.807905321287803124e-01
-7.950574170808973051e-03
-4.692331254599908645e-04
