1.000000000000000000e+00
8.935766406222799274e-01
-6.836648670746862423e-03
9.356585407832784806e-01
-5.173845379731596694e-03
8.163165676278770766e-01
-8.470596216826158098e-03
8.074954320860752155e-01
-1.294579517283091230e-02
8.143862956886158688e-01
-4.268293631713584481e-03
8.004980712497983264e-01
-9.039194839229222969e-03
8.048638792754767568e-01
6.931980653219370868e-03
9.778062561543577891e-01
-5.818242887115509902e-03
9.514440452668001535e-01
2.852788685915727627e-03
8.039924785770348192e-01
2.521694131097174888e-03
8.590088001521025696e-01
-3.908541572855707934e-04
7.666141769541535700e-01
-9.715292170733651547e-03
8.070081843462854065e-01
-7.395770693591585503e-03
9.337010375458013600e-01
-7.205105158954073705e-03
8.886817567124101203e-01
-6.758253011891523013e-03
9.825677239534587049e-01
4.527988209672954498e-03
8.191621449736055105e-01
2.596891221252825132e-03
8.880019032379043997e-01
3.743621810534466404e-04
8.908969743365017235e-01
8.502880055820371749e-03
9.536473418682123171e-01
1.009622185189391549e-03
9.781677960634616031e-01
-1.506142416457679351e-03
-8.155742856437129011e-04
