1.000000000000000000e+00
8.896529176402289130e-01
7.115566700583855070e-03
9.368394637189441099e-01
4.451568632669632326e-03
8.210576423361569676e-01
8.705222810342852155e-03
8.069415373248193246e-01
1.447110282614882254e-02
8.202480278312637152e-01
1.669685157545802018e-02
8.038749411192851468e-01
1.411752012267567143e-02
8.013842164875496499e-01
1.983312884968634927e-03
9.862489958897271425e-01
3.577552885481949819e-03
9.526848462874998313e-01
9.281287361432114316e-03
8.050311948709988341e-01
3.108645479590193671e-03
8.648350363384345041e-01
1.123393379690784157e-02
7.547278157419986533e-01
5.565989759993817364e-03
8.061172987098962350e-01
1.004788676961348298e-02
9.384094730550154306e-01
8.280546621938932386e-03
8.945517060515318919e-01
1.112660914384307892e-02
9.902275130548797710e-01
3.803327305849892297e-03
8.203043776627664263e-01
2.244087031855589425e-03
8.923629706627396185e-01
5.921048422055581392e-03
8.926914647291945837e-01
-6.075072355899953543e-03
9.568108009466325115e-01
1.161556612513343868e-03
9.865983828527141730e-01
-9.775817832615343980e-06
-8.354892996656624249e-04
