1.000000000000000000e+00
8.808261087023236957e-01
6.684439173341770977e-03
9.323336171563885166e-01
6.938945389262656145e-03
8.172773198090668156e-01
2.414956199542476513e-03
8.008763340531983577e-01
2.111619062144693435e-04
8.116855422672414333e-01
-1.078895362982642170e-04
7.963606134280344362e-01
1.460929091906669041e-03
7.961399805133612118e-01
8.977310470244302329e-03
9.800583986980576645e-01
1.330135863484984500e-05
9.464894690063286875e-01
2.998910398679784529e-03
8.057696259030338037e-01
3.557912189525056553e-03
8.617797185113683645e-01
5.123039500626510971e-03
7.632505469218380245e-01
-3.396774007522275745e-03
8.027981768499405923e-01
1.003566678349039707e-03
9.331469030946710763e-01
-2.905311323177264728e-03
8.862786602635482902e-01
-3.720553270820005885e-03
9.853046881795526346e-01
-2.463271062068300536e-03
8.195072792513372617e-01
3.801219705308759634e-04
8.871877413532297529e-01
9.044380613355090760e-04
8.910304059489693174e-01
5.172587229073048048e-03
9.482382151549001437e-01
5.067076114774104502e-03
9.772164510698935214e-01
-5.894374639920287734e-03
-4.902918343190919076e-04
