1.000000000000000000e+00
8.850112104504087585e-01
-9.057797444080615623e-04
9.353279412046362484e-01
1.186854455769812029e-02
8.164950216176697362e-01
1.266912530392999949e-03
7.981016352365805089e-01
6.085256335812508702e-03
8.136563869817556860e-01
1.417688896639353324e-02
7.978654651566324807e-01
2.463904579169120916e-03
7.975067086975222708e-01
7.690832715668345643e-03
9.837248118165980992e-01
-2.259131966996196221e-04
9.447091353970774597e-01
6.188743744286815361e-03
8.046821469092912960e-01
1.125068456855328643e-02
8.645570469437944272e-01
8.480143093739275773e-03
7.630229021425706248e-01
-1.187052025951469345e-02
8.055996477303988268e-01
-3.928109141457783796e-03
9.319596040151109095e-01
6.684542150909886064e-03
8.886187308920987515e-01
-7.941206153842312503e-04
9.826301205252480075e-01
5.989599711566272015e-03
8.173460674586088270e-01
1.149470780943729134e-02
8.879691906634676890e-01
1.004659004797828215e-02
8.895309384837799538e-01
5.388240332316609864e-03
9.463596332554945478e-01
6.398648974521866685e-03
9.867827786430489745e-01
-9.162448615559501061e-03
-3.577004346170644723e-04
