1.000000000000000000e+00
8.836708600441675054e-01
-1.449981178394727302e-03
9.351959064675067212e-01
6.371419487434990502e-03
8.138654706406212025e-01
-7.615881259241474334e-03
7.965826207356137001e-01
-1.145847629968396427e-03
8.166139596650290322e-01
1.148101149327149066e-02
8.014718309534126783e-01
1.009602374357102678e-02
8.049087330428706943e-01
1.045740880186424998e-02
9.803539286509124207e-01
-9.234627745196283396e-04
9.493463657075099649e-01
6.328226199146799909e-03
8.001546782373610833e-01
1.079119185960815061e-02
8.559728762330688356e-01
6.100492536075982977e-03
7.632203592504080980e-01
-8.985024067383044766e-03
8.043792496400919978e-01
-4.725495503865796872e-03
9.356143324209401646e-01
3.711168284816869240e-03
8.801769710216492681e-01
-4.806264628063972662e-04
9.830289964147629345e-01
4.102583215589151490e-03
8.206685017682801009e-01
1.092527086695105690e-02
8.895160528953541812e-01
1.418356928371453628e-02
8.902105985871268112e-01
6.143965733426560299e-03
9.468058846486562263e-01
7.980800901432929736e-03
9.793794884629255515e-01
-2.452454287034731232e-03
-5.336757465926379208e-04
