1.000000000000000000e+00
8.866836976836233175e-01
4.158354316196211098e-03
9.381618832764431204e-01
-1.303777549897944255e-02
8.163050386377955769e-01
1.581414196136807487e-03
8.007488387865804302e-01
-7.023534761663705744e-03
8.169096482805028314e-01
-1.367910128019370238e-02
7.948357407740713754e-01
-7.938306453224576800e-03
8.021131778007533075e-01
-1.215565840248659414e-02
9.838816772811196376e-01
-5.581881305487126389e-03
9.495851261484753447e-01
-6.692788049429859373e-03
8.019879510336914707e-01
-1.976685109689828648e-02
8.564653327327628185e-01
-2.565507800002320149e-02
7.631728371569308500e-01
1.192754794041074075e-02
8.071556020748261728e-01
3.929544132894182730e-03
9.348122645449353785e-01
-3.756220459528629343e-03
8.803902731815798077e-01
-1.558228591399232147e-03
9.852820027671767011e-01
-9.921468366473448069e-03
8.120941798906666786e-01
-1.001679304049777480e-02
8.882281518403138953e-01
-2.063787019699978714e-02
8.910577359819389365e-01
-8.473940159694489521e-03
9.494231436244279232e-01
-7.687439768370872908e-03
9.855089135030673519e-01
7.930632689259904103e-04
-6.531407915687445498e-04
