1.000000000000000000e+00
8.896483803792738509e-01
6.379889420957297365e-03
9.318603852800879661e-01
-2.235031815831553959e-03
8.198882166522284409e-01
5.515968791182324082e-03
7.962290637986028097e-01
-3.743925098932372655e-03
8.155401573539001747e-01
-2.881638675391841146e-03
7.959822623195790259e-01
-1.366377409863502946e-03
8.048650681683426900e-01
-7.809781944137264044e-03
9.843967198728710288e-01
-3.068833419913763894e-03
9.461534914529476925e-01
-6.145404076074147126e-03
8.064691075879114601e-01
-8.815263341767111405e-03
8.573348067011784535e-01
-1.243989217744784562e-02
7.558884471353407575e-01
6.957615836809261968e-03
8.038018819150460903e-01
1.034300932556267254e-02
9.360892118186383559e-01
-1.554167483735134810e-03
8.872023845079889393e-01
3.445800154718222394e-05
9.846363028415844321e-01
-8.826960279239634902e-03
8.160441368817349383e-01
-9.129187489129475183e-03
8.897300002615609049e-01
-2.261465554182928977e-03
8.928515276257523725e-01
-2.714517190898515370e-03
9.461431583706347848e-01
-3.441728442337398716e-03
9.835424896281721452e-01
7.207385656898599932e-03
-6.582650011831396326e-04
