1.000000000000000000e+00
8.853548116630967080e-01
-5.019330188963428904e-03
9.326643295799073030e-01
1.670628943512555368e-03
8.176648019105271503e-01
-1.874079961274508193e-03
8.000987640869658968e-01
1.615172823785991467e-03
8.212571258257570506e-01
2.284220501147283828e-03
8.006158302633972212e-01
-2.216619056248376584e-03
8.014743936962342996e-01
-2.921482445416159670e-03
9.798999853063051768e-01
8.305815471842439499e-03
9.486975583819677871e-01
6.711841602989394222e-05
8.035505864300880319e-01
8.563834802287100673e-03
8.622283080873350825e-01
6.820077151175221557e-03
7.601602667726802265e-01
-1.142496481204224260e-03
8.014240630891201755e-01
-5.655196598808091141e-03
9.375898739543373495e-01
9.183565421085244235e-03
8.917688558152253586e-01
4.371930547373902715e-03
9.851389720686141160e-01
4.674438996056927420e-03
8.133242811085739099e-01
5.610013291128112568e-03
8.914109012581882263e-01
4.376023218561250414e-03
8.947774414087635853e-01
5.949863760305624128e-04
9.405188635289163379e-01
2.933709269857048656e-03
9.811948762529942858e-01
-2.569475947540929175e-04
-8.838478666280858050e-04
