1.000000000000000000e+00
8.892829669654753744e-01
-3.070464173501684553e-03
9.344038514926304995e-01
-1.360009678107201381e-03
8.143942711228551179e-01
-5.096736982132724254e-03
8.026865203276841720e-01
-1.791257221664964254e-03
8.088555613915862086e-01
7.499933317933008339e-03
8.005061268996960244e-01
-2.856558199444356465e-04
7.983595911215339846e-01
6.272520989385911919e-03
9.797948263469883345e-01
-2.236306158500936739e-03
9.510173946625656294e-01
5.176258704491788244e-03
7.987929970997473816e-01
1.062360503976282795e-02
8.576886604406234182e-01
8.152092606008751532e-03
7.587744557372322340e-01
-5.131620670318289522e-03
8.026339518130404249e-01
-6.372055290390707741e-03
9.339066774747681876e-01
-1.179191882134446225e-03
8.877648795578075847e-01
-5.773591117408724679e-04
9.853156548721140329e-01
4.784552629711621465e-03
8.203473684149624745e-01
1.162056927115564034e-02
8.868977963775912521e-01
9.929289296104346768e-03
8.872280440870808915e-01
6.130115985759986875e-03
9.523420967366873491e-01
7.735444634947816721e-03
9.753648315280749603e-01
-7.349240551192591508e-03
-6.119649411497564331e-04
