1.000000000000000000e+00
8.875190611619467873e-01
3.008427487703207396e-03
9.393996463482729986e-01
1.269148746798405905e-02
8.186146293570070176e-01
8.924879068021581568e-03
7.967548270644754238e-01
8.924066870741003202e-03
8.162025415082864166e-01
8.455517202177291469e-03
8.047236031158804259e-01
1.301333569311200096e-02
8.023601216785652968e-01
-5.068497614143632800e-04
9.825648157982570519e-01
8.374264984265574613e-03
9.499302854855061762e-01
6.371473943151895018e-03
8.061548151637154547e-01
1.128147674781292825e-02
8.596128702866375759e-01
2.066957753657295768e-02
7.596209721288791350e-01
-2.481920045692966644e-03
7.998101160851738278e-01
8.675063288579743653e-03
9.326697269881477625e-01
1.074204803653400903e-02
8.870483183354436196e-01
1.387330786353017584e-02
9.832581750878647275e-01
6.647371942481802680e-03
8.139228280296505469e-01
4.012622356402011613e-03
8.945172471954508930e-01
1.173793894064614415e-02
8.902518729790906971e-01
-3.931906329762060309e-03
9.546717859512121596e-01
9.221283865107848463e-03
9.862901405680581934e-01
3.197688813069716769e-03
-8.141432262985641172e-04
