1.000000000000000000e+00
8.818950306282054008e-01
9.380833676021476525e-03
9.317720884318039243e-01
-5.826697040525324021e-03
8.186292950227952447e-01
1.337279432891058661e-02
7.995491477019677218e-01
8.401589825408785697e-03
8.181702772509118482e-01
4.463411223437638645e-04
8.029495110614582876e-01
6.866897241887327287e-03
7.946033707865014506e-01
-9.323275768607192440e-03
9.843168663402147578e-01
3.262208849741929113e-03
9.518160255617679200e-01
-3.020801968841434204e-03
8.058647669116441037e-01
-5.866948581645720822e-04
8.629138818898384189e-01
-4.866222805396876704e-03
7.561643647891095332e-01
1.760313070293135704e-02
8.076853545612743268e-01
1.265710271196332851e-02
9.380618137729059836e-01
9.307419618489281427e-03
8.895779152581960725e-01
7.507911862583966853e-03
9.838620236863334645e-01
7.576278458207367757e-04
8.178791730520891257e-01
-8.544943292575605392e-03
8.867227467431270105e-01
2.160318121417139411e-03
8.845835104223015444e-01
-9.891698680204414479e-03
9.520075396409162227e-01
-2.867942642270733620e-03
9.812081241698602518e-01
7.227674037597929882e-03
-5.631051911466245126e-04
