1.000000000000000000e+00
8.870266463537064272e-01
-3.772828162468539262e-03
9.342721864609510041e-01
9.764563187240530781e-03
8.228203089549204208e-01
-3.637967392720944937e-03
8.013107898691165243e-01
-1.167040960989781939e-03
8.171093187789038037e-01
1.050792741282835160e-02
8.049578668802629400e-01
1.366630277034457195e-03
7.982791154663120281e-01
9.897216771882945061e-03
9.820436165972191711e-01
7.019781413654928130e-03
9.482861927133312552e-01
9.016247351894471698e-03
8.084852210651025661e-01
1.759159006798725541e-02
8.597878736580851777e-01
1.597204899231660299e-02
7.590322584818312013e-01
-1.080382809070867985e-02
8.061024517343597928e-01
-2.762699005261964880e-03
9.304156336097625379e-01
2.162223466362093050e-03
8.862990308757923152e-01
1.084135499700191341e-03
9.842996736043294614e-01
6.256306667355420598e-03
8.176515762295519796e-01
1.584626233096463402e-02
8.964035141568793552e-01
1.665413195619909817e-02
8.913122183172659252e-01
7.466199972896707393e-03
9.541138889515262678e-01
8.842305155110126089e-03
9.813788188640286680e-01
-1.747777294269624564e-03
-5.283934876888713231e-04
