1.000000000000000000e+00
8.873826009118542801e-01
4.706190312823961032e-03
9.295603733840428484e-01
-5.923603367891184905e-03
8.140608702303812061e-01
9.978911046315749878e-03
8.056417326022013992e-01
1.077849635990128438e-02
8.145827483671963520e-01
7.123599677241337653e-04
7.993779530802852529e-01
2.513925023912749138e-03
8.022247216011304527e-01
-7.348657552587397473e-03
9.899466182902195710e-01
-1.727435447177982182e-03
9.520742902278860331e-01
9.961858406221553441e-04
7.996931117564293201e-01
-9.378604732153125040e-03
8.626943344180491025e-01
-7.211278457000659323e-03
7.644585983186914513e-01
1.564435723475938317e-02
8.003134336709291086e-01
2.009272251133786824e-02
9.333024354743667539e-01
6.113312311720954691e-04
8.881415686461253678e-01
7.075818043073456472e-03
9.805793569231672224e-01
2.154702936228810716e-03
8.179146473338256840e-01
-8.024958719191127229e-03
8.881091565907832663e-01
-3.033225501611069592e-03
8.847353368474261126e-01
-6.389762006817688127e-03
9.506772362036525204e-01
-1.007604843608027670e-02
9.799263236208809458e-01
-1.807667617456269705e-03
-3.813513220843610147e-04
