1.000000000000000000e+00
8.929535340498071516e-01
-1.343837381476843239e-03
9.374788667677270704e-01
2.720437678926253787e-03
8.200616901754078647e-01
-7.428494914825927581e-03
8.005412500390736152e-01
-8.380618861898472133e-03
8.112595812313107002e-01
1.631811900476236267e-03
7.988259897669072185e-01
2.987549843834304449e-03
7.991498306334200441e-01
1.616791930991220766e-03
9.804801523003678909e-01
-4.181629224844076592e-03
9.513697460091474767e-01
1.764233433531346706e-03
8.018006256068709314e-01
7.730353532086696455e-03
8.615383062799744085e-01
6.782161959831436646e-03
7.596973860358827713e-01
-9.673619436506734892e-03
8.010877533760641933e-01
-6.111004964683078820e-03
9.274858233542441210e-01
-7.446109627139108024e-04
8.891853374922882303e-01
-4.573573720415956105e-03
9.832560801400687112e-01
5.874741620964374703e-03
8.074375667950122182e-01
8.078649083855695204e-03
8.852528944836334235e-01
7.263331239222916257e-03
8.893132234460505714e-01
8.544702222849410306e-03
9.522268076829517591e-01
6.610652214670291807e-03
9.855490253495672315e-01
-2.912976200194597725e-03
-6.557753443688741713e-04
