1.000000000000000000e+00
8.910023463791050258e-01
4.002836660079034901e-03
9.339231131235983252e-01
1.089996612697126388e-02
8.180138928741447213e-01
5.224932970891285611e-03
8.017669532993285664e-01
5.268097235952350771e-03
8.110024729014675415e-01
1.558092670135243114e-02
7.907299777622845971e-01
1.044253742582870563e-02
8.051148635602490833e-01
5.273246994945844993e-03
9.818661772979915270e-01
1.842572501547247964e-03
9.466628374182199934e-01
4.961937666088872892e-03
8.090982797878211175e-01
4.505121621514326935e-03
8.594040478757746238e-01
1.247437728677137404e-02
7.581184115231697218e-01
-3.513646435711042810e-03
8.060628505409745959e-01
2.349395858937423573e-03
9.323660300248617361e-01
5.053992222355876973e-03
8.885832286573358552e-01
1.389126827161988014e-04
9.806959711243605771e-01
-4.827673952977907515e-04
8.144872288980030683e-01
1.031056087090183315e-02
8.946409905276592189e-01
1.437521051544964241e-02
8.921723104264331905e-01
1.131059083729951502e-02
9.517759956501251617e-01
1.037009638965153205e-02
9.817450515340032657e-01
-3.057226835588813547e-03
-4.618326398700529586e-04
