1.000000000000000000e+00
8.848333511026015286e-01
1.680840442501643902e-03
9.404559234345297725e-01
-1.914840062086377824e-03
8.170923401314931223e-01
-9.796749708431968899e-04
8.076227700957047118e-01
3.653782292981115013e-03
8.215278378712939089e-01
2.470344955452135997e-03
7.990165842747009028e-01
2.125115584438881742e-03
7.971160117613066420e-01
5.565544539990437307e-03
9.834518759064599935e-01
-7.249491489788323882e-03
9.568828667208196803e-01
-1.132900457045443428e-03
8.016349053823325077e-01
-9.685134086210350681e-04
8.563517889802192418e-01
2.380201735872726661e-03
7.613803774228649068e-01
1.714616272062327714e-03
8.062678036064423459e-01
4.081806485843096437e-04
9.393275482135350352e-01
-1.071456038491166128e-03
8.841734857496066358e-01
1.778104729837809081e-03
9.906050358067299832e-01
9.112626215401477226e-04
8.141883174598614215e-01
-4.594620555976753132e-03
8.900472969636701315e-01
-3.451248310150001244e-03
8.873143463620216664e-01
4.908199938708997061e-03
9.499783170866773485e-01
-1.098940346494449091e-03
9.852083704599385872e-01
-3.960905350905929989e-03
-6.202041468558063377e-04
