1.000000000000000000e+00
8.935498286413311453e-01
-1.256676520117380215e-02
9.362309889652504769e-01
7.181830105065214499e-03
8.174425940210336972e-01
-9.030938152763104756e-03
7.926557201112758300e-01
-1.019457619441542333e-02
8.193696246792934179e-01
6.398077584338091213e-03
7.985458956194836366e-01
-4.385366776853425255e-03
8.056471347415862239e-01
1.341265056599844074e-02
9.824284049340119562e-01
-5.354594309470787385e-03
9.535353959025559822e-01
1.449007524633130761e-03
8.018403900388835215e-01
8.605154142028382386e-03
8.674429365896736410e-01
-7.925104760747854558e-04
7.605106947984273669e-01
-7.328097035463744351e-03
8.053647465694948604e-01
-6.726907430573997315e-03
9.357116598590211609e-01
-7.994907119409151719e-03
8.851235204361925790e-01
-7.598701273273496953e-03
9.799663635938753448e-01
7.800090760469234434e-04
8.209331397733684588e-01
4.470666301622368451e-03
8.927124542030733245e-01
6.615011786840796146e-03
8.942112165136616442e-01
7.434639901978092741e-03
9.542884422600254046e-01
2.680797474478816000e-03
9.854670630310614632e-01
-9.834384972048403409e-03
-7.340709460098108216e-04
