1.000000000000000000e+00
8.849220052872811548e-01
1.075387468920838835e-02
9.392189675826679851e-01
-5.665793103407276363e-03
8.176681936426544173e-01
9.400248773900990104e-03
8.028719672510532535e-01
5.917405088694968618e-03
8.228977061860205389e-01
2.336898869259992125e-03
8.033992217312088124e-01
2.589415167498563489e-03
7.930720650277262029e-01
-1.100218528857851291e-02
9.824288274620096573e-01
3.421010029444351407e-03
9.500465922659366846e-01
3.340119987024465532e-03
8.017196777938966346e-01
-4.015261708552763341e-03
8.557953977878627327e-01
3.497366784189822470e-04
7.534242422962444952e-01
1.214357173748843895e-02
8.074653227757123686e-01
8.991112093849767256e-03
9.401891153175535587e-01
3.313871507072760868e-03
8.920122308090020491e-01
9.465729202883592722e-03
9.827413975690016956e-01
1.750030199187538500e-03
8.132877272265471857e-01
-1.086682802813511038e-03
8.907164136358887152e-01
-7.603189756420987259e-03
8.883102462536863753e-01
1.330302743635560685e-03
9.480901251551007158e-01
-4.245131757476486127e-03
9.809256438648987775e-01
-4.663428851101232846e-04
-8.469833086013424427e-04
