4.007775040417222434e-01
9.374760647088361543e-01
4.287087143100872799e-01
4.131440972823918201e-01
5.611558708286603636e-01
3.631710619178330490e-01
3.639788133178221696e-01
8.997897595760533385e-01
8.740176679708920870e-01
7.264001681698403212e-01
8.645166968478862346e-01
4.026256873949460857e-01
4.208050031644386957e-01
6.361456212329130722e-01
3.965222191639858340e-01
9.810881546526786234e-01
5.458052044828218818e-01
8.039742966262458657e-01
5.949189169116401166e-01
8.615138136391174983e-01
8.904528808235396831e-01
