3.976849436157710027e-01
9.343370460242882425e-01
4.269903322231035081e-01
4.196849472995115016e-01
5.570498761288413814e-01
3.659998144664707298e-01
3.657397382684389187e-01
8.979517318671598192e-01
8.657240070854097524e-01
7.309673284507558488e-01
8.636485348898800263e-01
4.060500690055955930e-01
4.258976182605987426e-01
6.386191481290152128e-01
4.026430970025314804e-01
9.889781516330479194e-01
5.454862667694099221e-01
8.101896978448077657e-01
6.012285785317844633e-01
8.622198016461800618e-01
8.962977869951374021e-01
