3.989146546496868950e-01
9.388933801930184897e-01
4.323037156544862758e-01
4.126024262943983612e-01
5.655503940115009787e-01
3.646116722390965181e-01
3.624914107121172679e-01
8.978788365584755571e-01
8.673999580954163680e-01
7.302533676938536278e-01
8.574647466472219426e-01
4.026163289501971665e-01
4.266725615515075676e-01
6.358835393254903545e-01
4.012550693850084893e-01
9.843831070445862030e-01
5.443772014412523452e-01
8.111820705022637634e-01
6.011722237964015614e-01
8.653053718541368067e-01
8.992433626458824492e-01
