3.961485600256700601e-01
9.446436323417755077e-01
4.301990631746450688e-01
4.209059110988055408e-01
5.593168239996575419e-01
3.643473525007324687e-01
3.663075376279414930e-01
8.993938128691795209e-01
8.662348642290376155e-01
7.321614186151984560e-01
8.599020935982941705e-01
4.038432372654850444e-01
4.225825859379598870e-01
6.340333673569517048e-01
4.049519423975904697e-01
9.908010974290614170e-01
5.533647424441356932e-01
8.097762836900768146e-01
6.015311948878502291e-01
8.654781479712396752e-01
8.935884467424198840e-01
