3.993822291551314962e-01
9.326362934603545929e-01
4.343669636718047178e-01
4.188418666620700725e-01
5.606810914565431014e-01
3.637628138944095646e-01
3.561548158498448191e-01
8.971704083326275114e-01
8.647250927211511673e-01
7.273707674838383319e-01
8.594400037304736895e-01
4.019468772313108396e-01
4.307597868041133093e-01
6.441017451984937248e-01
4.017155963235482519e-01
9.849092647532661227e-01
5.482341171988006634e-01
8.024723902696129230e-01
6.034842179198315337e-01
8.670988690003602617e-01
8.968053726521713065e-01
