3.995016891693458638e-01
9.340870209462170948e-01
4.292018315295981212e-01
4.170039932718369591e-01
5.572160913875632282e-01
3.602154907349272572e-01
3.646002964482156772e-01
8.999267113208743174e-01
8.662443187126620536e-01
7.271758169946815897e-01
8.580020000937770286e-01
4.059369748881302420e-01
4.247345267044254080e-01
6.338229937988024698e-01
3.958087368140912332e-01
9.840189641711638568e-01
5.511791075788271543e-01
8.038472835807318750e-01
6.006217634861409360e-01
8.625988951932103133e-01
8.939229215612473078e-01
