3.958687013504832986e-01
9.366145469909465948e-01
4.290249732440639119e-01
4.153548720541653250e-01
5.554269271502559890e-01
3.581790032027408199e-01
3.519632917863889099e-01
8.959227313121644887e-01
8.661338388806264499e-01
7.163090356566516048e-01
8.595762199046960150e-01
3.978246895425681107e-01
4.260222565243238502e-01
6.332613842766093848e-01
4.003823022945053878e-01
9.849004847775715277e-01
5.398250124372335756e-01
8.069801184968744545e-01
5.952529976414101531e-01
8.621702866222969996e-01
8.973474067704967361e-01
