4.013628480560018641e-01
9.299755187599583195e-01
4.296075530182474345e-01
4.235856354615488706e-01
5.588937688592719999e-01
3.631044987874222363e-01
3.538309256563753058e-01
8.891301132676622254e-01
8.701230764519717331e-01
7.276020408588246280e-01
8.673285253249564120e-01
4.028392708515517451e-01
4.227404298259082593e-01
6.336762320918144509e-01
3.996659912163781914e-01
9.815596421064799459e-01
5.402660305265341023e-01
8.083065784567559087e-01
6.016047455537558708e-01
8.619842398179240472e-01
8.958985798071121831e-01
