4.020690582444981787e-01
9.412373000611592433e-01
4.335785597004113145e-01
4.222449727789993612e-01
5.644727356093268700e-01
3.636670633333712321e-01
3.581249659210940517e-01
9.009826958946069997e-01
8.655819648363347607e-01
7.291431606992113679e-01
8.634461295427032779e-01
4.022383919258931684e-01
4.301786025481345588e-01
6.374719654123129908e-01
4.014107986603777656e-01
9.886092389485662268e-01
5.534902742580601887e-01
8.072382694696614847e-01
6.018561560567985413e-01
8.684958464585150750e-01
8.903665057564640328e-01
