3.935690026718727808e-01
9.278085135565016239e-01
4.319109431826663736e-01
4.164466477185705950e-01
5.571928619920338832e-01
3.644738785185329677e-01
3.555838333543053231e-01
8.927727706404080532e-01
8.716970518932996015e-01
7.296886672829451248e-01
8.629844377705963021e-01
4.020365470608270320e-01
4.217128825045329266e-01
6.368419049642205509e-01
3.951608750920892477e-01
9.822206377757169982e-01
5.517014103521850066e-01
8.018516874263463823e-01
5.964043208518613470e-01
8.609368796160835613e-01
8.889857281467907768e-01
