3.965547364176217893e-01
9.424735995820767709e-01
4.317410715282108402e-01
4.264447090007486563e-01
5.586062297480125505e-01
3.558036791495494677e-01
3.555525073682997972e-01
9.002975860652934204e-01
8.722953552335053207e-01
7.287971022664136989e-01
8.672437623878274104e-01
4.066794900030727966e-01
4.248403782385128946e-01
6.332452966194955790e-01
3.957929241401796361e-01
9.942895173057696434e-01
5.451203784025294707e-01
8.041357376241022870e-01
6.008201529892219783e-01
8.678711960449588814e-01
8.887892272342422517e-01
