4.017152561864728577e-01
9.458632392031099956e-01
4.308734224006694480e-01
4.246161642750514997e-01
5.616882947918705460e-01
3.603083683282511940e-01
3.583820005158245281e-01
8.950256043157185371e-01
8.656962797483227501e-01
7.290364351474269977e-01
8.619958621163943402e-01
4.018614816021324199e-01
4.311655240831697711e-01
6.389385110553119640e-01
4.019228463410657870e-01
9.947917015414545761e-01
5.450799711752367660e-01
8.138328325811973185e-01
5.964363645058227137e-01
8.640279057512317840e-01
8.931345342662414533e-01
