4.059313116999253568e-01
9.356969527615911497e-01
4.311996579601741209e-01
4.188291600244425927e-01
5.612579884772034289e-01
3.624922274527124233e-01
3.596378032041561146e-01
8.964426686892585927e-01
8.706128626865446973e-01
7.277873077315715200e-01
8.585751442066011929e-01
4.062099642079803896e-01
4.286720946109466301e-01
6.366540322227398629e-01
3.953257465811061966e-01
9.815665012556227254e-01
5.439330653665268578e-01
8.058784646672315644e-01
5.970128717660549977e-01
8.681561479325649033e-01
8.942986352970623276e-01
