3.991367829449220528e-01
9.348777702469279749e-01
4.251921261789292084e-01
4.183325446292296412e-01
5.668960480393583357e-01
3.631728684421507980e-01
3.584736058206056675e-01
8.959145099194731898e-01
8.658213952838077487e-01
7.260989424526888003e-01
8.630209358803890840e-01
4.099831750169015132e-01
4.217024905174656113e-01
6.377710843298489696e-01
4.017684412773052660e-01
9.800509389357692225e-01
5.518767561022241974e-01
8.105329640870515551e-01
5.972197481967232990e-01
8.599894052452691229e-01
8.903945117647225072e-01
