4.020771997460991787e-01
9.347437841847293649e-01
4.332015603347172394e-01
4.169684975606659516e-01
5.589153265228685719e-01
3.611753121147720513e-01
3.518222953538292508e-01
8.974921771647041968e-01
8.647457672472035339e-01
7.215619943071565068e-01
8.578866549798487284e-01
4.025799737256998689e-01
4.242037694203833476e-01
6.385306465971820611e-01
4.010855567465079763e-01
9.810694804451742801e-01
5.459554104543521413e-01
8.089289829148070821e-01
5.939834373538771528e-01
8.674502139022203240e-01
8.917856030394760714e-01
