3.968131613112945155e-01
9.390630598364286818e-01
4.267652915325246821e-01
4.120858904456226046e-01
5.591588735549353206e-01
3.661566247211355818e-01
3.546514908915660014e-01
8.868394182799448355e-01
8.696049025643900476e-01
7.265567387767870589e-01
8.634756263960778888e-01
4.004644322176816873e-01
4.246517090505697589e-01
6.299902785202191602e-01
3.973496858300357704e-01
9.844308022751508958e-01
5.475571756096745402e-01
8.075231921551500047e-01
5.964532916830058706e-01
8.556133643791470345e-01
8.955746348713712335e-01
