4.002283015790676357e-01
9.368662918449421895e-01
4.351911088053390664e-01
4.190140022349793658e-01
5.541610511060535149e-01
3.620020918475825300e-01
3.600931017258923172e-01
8.896527816450275905e-01
8.692206607608260471e-01
7.281914230809970467e-01
8.660624379437196207e-01
4.022074747720607579e-01
4.265905372977770171e-01
6.415784047371745347e-01
4.015516561125435091e-01
9.855545827966514238e-01
5.443696016725626530e-01
8.031608540027170839e-01
6.007154492410319291e-01
8.612694410941597045e-01
8.961760448386680844e-01
