4.011598667380141814e-01
9.410120997368079943e-01
4.295394709402349243e-01
4.228959716817605741e-01
5.631419421565608818e-01
3.556198379214767780e-01
3.599403626502870046e-01
9.033997091077997643e-01
8.729557501318798707e-01
7.217215407975056118e-01
8.666048365874338133e-01
4.075028525425433146e-01
4.295933868099789943e-01
6.393154482431132601e-01
4.046505186874249649e-01
9.889902550079507915e-01
5.464357458653565924e-01
8.090765839279242533e-01
5.989081641342708373e-01
8.625901475534745177e-01
8.999145894754170261e-01
