3.905001927767416392e-01
9.418906544483106602e-01
4.238880569566698675e-01
4.146932405626596041e-01
5.589582580543416279e-01
3.588743578767268905e-01
3.613933193052300541e-01
9.007652999159204699e-01
8.677364578850907950e-01
7.207964396931175743e-01
8.590188121724008363e-01
4.011514214958908364e-01
4.219299457403557496e-01
6.389994773524299010e-01
4.028312463777680152e-01
9.797972049990819610e-01
5.472622501463809686e-01
8.058527551749026241e-01
5.972501353727838191e-01
8.620353140352914334e-01
8.952116292720084800e-01
