3.992498607835394675e-01
9.359117866919551831e-01
4.258491658145956427e-01
4.241206560863315378e-01
5.597994207587448923e-01
3.633235425988405876e-01
3.618957139941990642e-01
8.933056954552636153e-01
8.703514842059069112e-01
7.233496813696189687e-01
8.617728468612906312e-01
4.052032871328222763e-01
4.337006456040833902e-01
6.339410208835629668e-01
3.957419683496654073e-01
9.814722892857560277e-01
5.452490444409875403e-01
8.086183519076557413e-01
5.969152569184333901e-01
8.597575386514808571e-01
8.919258420379143626e-01
