3.952627524719180552e-01
9.396773199667096677e-01
4.302008524849691429e-01
4.193600493925374040e-01
5.566862974818098664e-01
3.592505184975247068e-01
3.596884685791023606e-01
8.938769834738248266e-01
8.626817554180579162e-01
7.264617086121523126e-01
8.626889294085401394e-01
4.065401107559128424e-01
4.247717852471256661e-01
6.321869028928033263e-01
3.932495878046316506e-01
9.832714640737109102e-01
5.459799304314015833e-01
8.120866412064667861e-01
6.013202729452234996e-01
8.639752325283137635e-01
8.932281964333345092e-01
