3.993771747381544834e-01
9.412465194090849918e-01
4.320062766687234324e-01
4.166015260790167929e-01
5.619299923053713286e-01
3.612058063836445232e-01
3.562469880091915786e-01
8.971173446336758728e-01
8.734445840882356649e-01
7.332994178413108077e-01
8.628481181780267573e-01
4.027006338248955708e-01
4.256205595781055728e-01
6.348010657352325392e-01
3.997707498903597112e-01
9.881159930386205215e-01
5.483755603436627490e-01
8.072312739755088673e-01
5.964712047553010210e-01
8.638699897354567003e-01
8.960526311399329424e-01
