3.989013579549995359e-01
9.443713515223364219e-01
4.317221150821891618e-01
4.149996495316880529e-01
5.536965307453931562e-01
3.666049534879466387e-01
3.585191186144107145e-01
8.920744180072515128e-01
8.691420257547612938e-01
7.239803163248568207e-01
8.601431305698388208e-01
4.008450173706284425e-01
4.219347272722347997e-01
6.271360800599398155e-01
3.980893627798939849e-01
9.845113457710521487e-01
5.451287505214432727e-01
8.088605892834408451e-01
5.952410141494204332e-01
8.642843231320264108e-01
8.919359868011779158e-01
