3.977031181947065508e-01
9.321974043461175308e-01
4.312533044837563723e-01
4.168617852133659762e-01
5.563931311430416748e-01
3.663984056662336064e-01
3.621923822480965782e-01
8.959631880631377943e-01
8.670208112745073636e-01
7.260012231882946310e-01
8.665959561892034868e-01
4.049985189105939076e-01
4.294371593442469770e-01
6.356830592288027493e-01
4.008785116603577059e-01
9.877468107633945449e-01
5.500091847013813817e-01
8.070261341693949486e-01
6.015232393907365971e-01
8.646534437883622859e-01
8.936527237000247981e-01
