4.049639688140844185e-01
9.427606441516445113e-01
4.312121775482147812e-01
4.141048669917982705e-01
5.604720545855169656e-01
3.654599553360655118e-01
3.644793369789549042e-01
8.960193554581104003e-01
8.689844628649618929e-01
7.337432787575445259e-01
8.657903258150868586e-01
4.046936855833105362e-01
4.235706282516285004e-01
6.323399407147928253e-01
4.015413888899678208e-01
9.849718111789380615e-01
5.456032998631703546e-01
8.099598209130856041e-01
6.056549479185777685e-01
8.613348138468180926e-01
8.935033452086071915e-01
