4.024325090915326086e-01
9.419162764770749874e-01
4.290410543555475686e-01
4.175766682521594997e-01
5.621876869468286353e-01
3.697617602835411299e-01
3.676678590723623241e-01
8.964629536814773259e-01
8.658231179216989704e-01
7.243524266368144282e-01
8.569274685633742061e-01
4.022546813363788720e-01
4.308168802097337435e-01
6.381845423912800852e-01
4.045809438835745175e-01
9.847180035363670703e-01
5.533489025205841072e-01
8.050897848650300226e-01
5.988902057358523878e-01
8.663618441480054333e-01
8.954150873958548473e-01
