3.965649782934750900e-01
9.355438740192104641e-01
4.358984032568019584e-01
4.221898828206628873e-01
5.598392612590624706e-01
3.669270119364399507e-01
3.577313859454490652e-01
9.007995408885154376e-01
8.637578223978998881e-01
7.273422559017237443e-01
8.588584128937815088e-01
4.044693829015488240e-01
4.270755686943804585e-01
6.349255623302848539e-01
4.026482837312700958e-01
9.856355028123642281e-01
5.435117143821059926e-01
8.135225592921155879e-01
5.945086862803208305e-01
8.588872275295951209e-01
8.991835297745591760e-01
