3.989707819014330914e-01
9.441098206804423576e-01
4.304244901905528442e-01
4.187548918183685576e-01
5.588668218725448833e-01
3.631155347113454446e-01
3.599649032612436406e-01
8.964558902533207307e-01
8.662871649127444895e-01
7.250101851303534239e-01
8.622949732075958496e-01
4.042831483983825858e-01
4.285248303994798058e-01
6.358448304897537096e-01
3.958905470386175907e-01
9.823310222611290055e-01
5.427009845991761505e-01
8.051654773287437727e-01
5.898419624009099138e-01
8.659871474613696218e-01
8.921332985223793255e-01
