3.977423778208156180e-01
9.363161733891689487e-01
4.289110028479057868e-01
4.187792723732392530e-01
5.625516330338573567e-01
3.591801228297160087e-01
3.598054400174045542e-01
8.952235212614819693e-01
8.679426945120213288e-01
7.256083568641563675e-01
8.624932016507935728e-01
4.043210570944659743e-01
4.144415067603699487e-01
6.387874154377056746e-01
4.029203853332062324e-01
9.784525380929839367e-01
5.492498124206941501e-01
8.096215913062562164e-01
5.978250686120011315e-01
8.655281438904710578e-01
8.924427487903983103e-01
