3.998189597871792955e-01
9.360656011955430511e-01
4.273322363104096189e-01
4.195259590553861440e-01
5.629847303295368866e-01
3.684261095949399878e-01
3.562086243471273006e-01
8.903644387481501887e-01
8.718541743515423326e-01
7.175982361346359140e-01
8.621976744618250477e-01
4.078118166266520572e-01
4.192544406030505599e-01
6.421800443743037601e-01
3.945618648641055493e-01
9.770903385307078137e-01
5.434827701478145423e-01
8.056487637608573671e-01
5.981839768501919785e-01
8.651900774185882215e-01
8.951474989047639719e-01
