4.005785103488542220e-01
9.382942230353120694e-01
4.330432606662077410e-01
4.170116291574089140e-01
5.581864749296308048e-01
3.647113286657997500e-01
3.666570224911379627e-01
8.985960185637629216e-01
8.723078797488172942e-01
7.274357405624103379e-01
8.606066050264766787e-01
4.057871334462380686e-01
4.302332284599435508e-01
6.354332930256914036e-01
3.962489261988475509e-01
9.885299356717899277e-01
5.492987336087454819e-01
8.118467328424273655e-01
6.076336308609634473e-01
8.645959237836411404e-01
8.952066404334997340e-01
