4.024244401532207638e-01
9.332073365954648425e-01
4.300443175538652407e-01
4.130448634276686071e-01
5.605191480386273462e-01
3.593528047526887148e-01
3.609594774520145100e-01
8.910534954174188504e-01
8.739955783951167678e-01
7.224255015825787885e-01
8.675578282259567287e-01
4.053684670031377224e-01
4.232031172332771374e-01
6.315702516592219817e-01
4.050708142126764333e-01
9.825120877306239286e-01
5.479189859188754452e-01
8.093567120325834141e-01
6.014682385658641772e-01
8.644704000270692079e-01
8.956335927226373173e-01
