3.932430276630294319e-01
9.332032856544059118e-01
4.243321094029892659e-01
4.219603900793686968e-01
5.564162264032336269e-01
3.591072609707750551e-01
3.537108020818814369e-01
8.998485777709596123e-01
8.695688480460662673e-01
7.273489633429915946e-01
8.644741553921150290e-01
4.055709661926791276e-01
4.256358933149486656e-01
6.346337517116734661e-01
3.958431527971929542e-01
9.878671008125459174e-01
5.456319544932110022e-01
8.099514291986242842e-01
5.941377647724521704e-01
8.684932240791494173e-01
8.899233337272430822e-01
