4.032793371985398667e-01
9.335974695634089437e-01
4.270016734208655906e-01
4.195024459774787107e-01
5.595177693915887041e-01
3.653288354764934187e-01
3.561413501756686695e-01
8.967991813595344031e-01
8.705395841053454875e-01
7.230224968657997797e-01
8.651629331338156481e-01
4.048280781881157808e-01
4.209986396484578508e-01
6.349344529797006365e-01
3.964536645408676119e-01
9.888298983439849366e-01
5.457279185431452850e-01
8.098373540584867802e-01
6.008828908850637474e-01
8.654530723186745211e-01
8.966683949751940164e-01
