1.931344641116269911e-01
2.096579617867745104e-01
3.763867794450406756e-01
1.980716870589568634e-01
1.042745737181497656e+00
6.875053598070319794e-01
8.528666093577712548e-01
7.879569705482555309e-01
9.498807682524593732e-01
7.473360378420144112e-01
4.973556588525775979e+00
1.826592742765079880e+00
4.305848160438557670e+00
2.093476746739218797e+00
4.795641327423658673e+00
3.773058375675705456e+00
1.146110294717437528e+00
1.113750682498570566e+00
8.762636848976609327e-01
7.867682585225131975e-01
9.351122037644499230e-01
3.434301258394845680e-01
8.095718005243996984e-01
3.878857500646654688e-01
8.885510365597347748e-01
1.103624039426547077e+00
1.129445907275935967e+00
1.097556802230730266e+00
1.363219468256769096e+00
1.242049127194230440e+00
1.040432369874199514e+00
1.011056498996618425e+00
6.995056039335527664e-01
6.918560976837085930e-01
1.883827397527928937e+00
