1.929471447003510975e-01
2.110099522054650067e-01
3.806492310345687136e-01
2.011055109070965519e-01
1.053005780314859363e+00
7.022681275573536830e-01
8.751851060367047408e-01
7.937923092824359372e-01
9.750364429243546516e-01
7.478146559607543598e-01
4.990313344507677940e+00
1.844921965686506349e+00
4.351870329605280752e+00
2.085364279142199351e+00
4.848382515856495267e+00
3.718518963442118075e+00
1.130326549267476777e+00
1.114091677519317924e+00
8.544645593287681917e-01
7.669607237631951291e-01
9.066046208943231433e-01
3.351722955677120530e-01
7.906168366552316362e-01
3.784665504258347135e-01
8.799184987842660899e-01
1.084109477577560821e+00
1.129170147505154764e+00
1.112951885146833408e+00
1.371219821429523034e+00
1.232056695109165156e+00
1.032511279988580499e+00
1.017681328219328218e+00
6.950570964829414500e-01
6.829810837731558060e-01
1.847389580583832736e+00
