1.965827424650111177e-01
2.136079788492077081e-01
3.795039963430693053e-01
1.997533747560553408e-01
1.061374852683020009e+00
7.035826592285193692e-01
8.836196868949000027e-01
7.950507628319682940e-01
9.800205328972811936e-01
7.533456297438394511e-01
4.968797787428512969e+00
1.853953228446334700e+00
4.423553233951627917e+00
2.094973361264019562e+00
4.906152569858261536e+00
3.771378734721489767e+00
1.130003351281772428e+00
1.109097666600367793e+00
8.525677289866046005e-01
7.687039245154262401e-01
9.186230357646631983e-01
3.427557762946240039e-01
8.178191334170289428e-01
3.873650711420663084e-01
9.071581407175083323e-01
1.117862344286335352e+00
1.130148922155865598e+00
1.109240544333074174e+00
1.366882111959963009e+00
1.232268437124063976e+00
1.040072452855852037e+00
1.020830539351298416e+00
7.080437539122719226e-01
6.935957797287380933e-01
1.858912686041187978e+00
