1.917120957066573983e-01
2.125907130874998552e-01
3.764238360919497373e-01
2.017168203554093597e-01
1.066785013196468457e+00
7.165447836458211928e-01
8.812405182618974209e-01
7.968088019646871745e-01
9.743434824129885152e-01
7.479835909375578407e-01
5.018022648794597806e+00
1.903558475693312824e+00
4.368701215442619912e+00
2.116786254125653244e+00
4.830254019948712951e+00
3.708087355430592869e+00
1.112015355007509809e+00
1.105649890378078926e+00
8.487848384602570961e-01
7.676795754667090632e-01
9.374378527612818868e-01
3.556117409091673620e-01
8.161353930405044199e-01
3.984991675700031433e-01
9.093276198055676440e-01
1.123374939646935466e+00
1.120601829824821261e+00
1.114187213984037861e+00
1.376456589465888891e+00
1.235390760358885398e+00
1.010547084246379290e+00
1.004762450345257019e+00
7.010272786000844025e-01
6.977044955842018892e-01
1.839237935536584434e+00
