1.904640070768832960e-01
2.067602740940805706e-01
3.673128857164923433e-01
1.965877787905381535e-01
1.045841222711140217e+00
6.913372130848610686e-01
8.648818960911921483e-01
7.797771883761543954e-01
9.597904288429532915e-01
7.380744828492502574e-01
5.058230974463009844e+00
1.882147999617046930e+00
4.399469292609044402e+00
2.122923585583162520e+00
4.882248707156908729e+00
3.754427093027279838e+00
1.127925958009202922e+00
1.109735830037253956e+00
8.533818156964039225e-01
7.689954605392491649e-01
9.219073513512008322e-01
3.430381265580939032e-01
8.018422059761169951e-01
3.832372191822933649e-01
8.813597581154501981e-01
1.088910951211791600e+00
1.117185494882277252e+00
1.099168578988097833e+00
1.358011517847471428e+00
1.235489754535802120e+00
1.029132056125191985e+00
1.012535183193928878e+00
7.041743576222604384e-01
6.954566807259194849e-01
1.869024393703803577e+00
