1.949942155810322764e-01
2.089000161962283331e-01
3.793354124226862023e-01
1.979433139517696449e-01
1.072777013633183785e+00
7.128542696808284340e-01
8.840489123644640346e-01
7.989314197035315424e-01
9.616501261434744485e-01
7.470093626907996498e-01
5.135361084057938008e+00
1.879218882118257161e+00
4.466172131380346855e+00
2.106134554116707580e+00
4.858209691173442479e+00
3.773854987962937724e+00
1.120749995733690607e+00
1.087779321589185999e+00
8.449864619966099832e-01
7.767995265456333343e-01
9.327560926302383981e-01
3.413300122406376369e-01
8.112086371516763483e-01
3.871638698125933198e-01
8.930688975779116356e-01
1.114063680590246186e+00
1.134280186119827283e+00
1.100911475392648109e+00
1.373338041002567511e+00
1.247455469126395045e+00
1.058774810882644690e+00
1.027627347652748657e+00
7.059530042886968948e-01
6.869737418931064488e-01
1.877300325926331892e+00
