1.929224420476976509e-01
2.097048376504439537e-01
3.727862156103394220e-01
1.973005783721946960e-01
1.057353293484001533e+00
7.055216952659313367e-01
8.720518377258283937e-01
7.912979549744174612e-01
9.631612538616254326e-01
7.469761636981825381e-01
5.042102534832786809e+00
1.892563795876478716e+00
4.419915262897808006e+00
2.122658837261123477e+00
4.881695035098601032e+00
3.785980608171663153e+00
1.121578486223807403e+00
1.104477064544002074e+00
8.565731202931431421e-01
7.755463176112135093e-01
9.386329092952648834e-01
3.523178375445990551e-01
8.228071312298094186e-01
3.988500882327430941e-01
9.172762298376347934e-01
1.132380252183526226e+00
1.132074637527410221e+00
1.114813174342117241e+00
1.376240201626611093e+00
1.234502994135110887e+00
1.041476229633311767e+00
1.025596178088796773e+00
7.122248876807921736e-01
6.944496312457272280e-01
1.850128515428024256e+00
