1.956361459803203362e-01
2.053954973916445603e-01
3.822368401670969695e-01
1.954633597387053501e-01
1.048548678174202164e+00
7.086016302515862897e-01
8.742519853791386186e-01
7.944342496520636621e-01
9.563331910619249365e-01
7.373174706449092675e-01
5.105022707361729140e+00
1.853828715049593345e+00
4.472715431413003984e+00
2.078382212726466172e+00
4.892646848700172413e+00
3.772151832602041122e+00
1.121129582174405614e+00
1.093887354052950567e+00
8.433695124239899421e-01
7.709838762640689458e-01
9.323815520868163897e-01
3.385833508925414903e-01
8.168969258392794197e-01
3.805735039328920766e-01
8.958947701315342904e-01
1.126166392010785389e+00
1.124017181972061463e+00
1.096704788319643464e+00
1.378590561904444289e+00
1.257029764606665490e+00
1.070609591199441324e+00
1.044594943850731816e+00
7.055890905176169792e-01
6.754666913440876552e-01
1.860081662013642667e+00
