1.924696144462033631e-01
2.093926004984563161e-01
3.718600729997320053e-01
1.984352384381312395e-01
1.063967453670053409e+00
6.950354594525588459e-01
8.737169937303888023e-01
7.793946242988567530e-01
9.460121365113811631e-01
7.409012890689089526e-01
5.081208462654807967e+00
1.869077940650702541e+00
4.403033456191295159e+00
2.095935221040572838e+00
4.767359587729332659e+00
3.733718340051328966e+00
1.121373900711113203e+00
1.082744347769091231e+00
8.479877287330592761e-01
7.831837039650870746e-01
9.458029043550217896e-01
3.479052980655935601e-01
8.195691756095080382e-01
3.977318485069540333e-01
9.046704889970609287e-01
1.113797528879091780e+00
1.143218717042838284e+00
1.103836644813128265e+00
1.359003683918160732e+00
1.231163768936327507e+00
1.050824456896414683e+00
1.014625220437719078e+00
7.034014514241407889e-01
6.932623369254381496e-01
1.884678202343461617e+00
