1.905185920828086910e-01
2.089965091985648560e-01
3.699710382511749440e-01
1.988236180357697280e-01
1.047214816071664112e+00
6.878874447291483119e-01
8.729574824898862495e-01
7.959275756459988083e-01
9.756663788358548306e-01
7.397238969563985078e-01
5.010680896477171409e+00
1.859300792788376677e+00
4.390612599821190010e+00
2.151324004733689677e+00
4.907195576032249207e+00
3.720503148792499992e+00
1.157060768799742068e+00
1.117656241462090305e+00
8.473767758385286619e-01
7.581729913036687751e-01
9.314282851517196038e-01
3.456227576227575704e-01
8.161646788348053683e-01
3.950932838065737696e-01
9.012124673687517129e-01
1.112450922728277503e+00
1.143134458286489963e+00
1.104204201357211979e+00
1.363022624694398832e+00
1.234393623044600874e+00
1.042067010541158911e+00
1.006578677420047807e+00
7.018958907196751751e-01
6.973085228853624917e-01
1.879195936517884968e+00
