1.912949833989600334e-01
2.058277046184809889e-01
3.743895809405832220e-01
1.960818025148776955e-01
1.049370485655555241e+00
7.024295305492511687e-01
8.693803176809904443e-01
7.944812031338902569e-01
9.666976079571457658e-01
7.356265296038255741e-01
5.098295623519933706e+00
1.876199462561242814e+00
4.433763391251088315e+00
2.122070814946040773e+00
4.930073038694132492e+00
3.751630799844416497e+00
1.131047555066002186e+00
1.111938685862756238e+00
8.461504299591882106e-01
7.609686043998531435e-01
9.431096660671780540e-01
3.470692912448046230e-01
8.201809820625328706e-01
3.894548614155610711e-01
9.047958713394961272e-01
1.125235911051894133e+00
1.122124230636296405e+00
1.103166119585191396e+00
1.371936116126748706e+00
1.243635107868087397e+00
1.042895252944813445e+00
1.025275702916215836e+00
7.009930562158214196e-01
6.837117608678039415e-01
1.857885980535851855e+00
