1.910236466027780411e-01
2.052172312272959598e-01
3.702171766055907254e-01
1.942376912691433644e-01
1.026762872521255865e+00
6.889586725188653338e-01
8.466769990662721401e-01
7.724398940979932959e-01
9.428223379448351649e-01
7.276242535381532983e-01
5.003297561226846213e+00
1.860958151201192123e+00
4.358973758049271119e+00
2.086450718414150973e+00
4.853961822674381921e+00
3.746050773070241036e+00
1.121170144028983184e+00
1.113556101068758908e+00
8.593882370025265338e-01
7.717511818018961689e-01
9.276694582981642734e-01
3.450432477609922666e-01
8.082043443112623127e-01
3.820195412650864153e-01
8.887381103473726007e-01
1.096289504905364254e+00
1.107164228669987205e+00
1.099645302085996423e+00
1.356450893418053916e+00
1.233534932441310517e+00
1.030588645426389061e+00
1.023589755683930180e+00
6.998978234182772207e-01
6.837679055811063389e-01
1.838351008716088142e+00
