1.953738269666234484e-01
2.079432234260632228e-01
3.750040346009647640e-01
1.987565310279674480e-01
1.062568347394954982e+00
7.134816987759692308e-01
8.816290458376705441e-01
7.847628868316240958e-01
9.507621189510492288e-01
7.264060727681550533e-01
5.109896489474994752e+00
1.902597393479173116e+00
4.435723652842455067e+00
2.092678516556965906e+00
4.783551584613165097e+00
3.654753225019513607e+00
1.099906119775662106e+00
1.078415149137574636e+00
8.239361851763491451e-01
7.640250471585675607e-01
9.298932542465632167e-01
3.462325480344811135e-01
8.072080346394477912e-01
3.877021469143676069e-01
8.862293967070808964e-01
1.094127753522211144e+00
1.119773831534049080e+00
1.097894667392562695e+00
1.355447055245083909e+00
1.234587520553490858e+00
1.052087657387278163e+00
1.031531007554094659e+00
7.061760781204966531e-01
6.845902575385879318e-01
1.838636679370341032e+00
