1.906913090424927626e-01
2.115282881522047298e-01
3.722200903505578640e-01
1.980284055681605648e-01
1.071359492231640065e+00
6.970751644131487623e-01
8.802350239154282940e-01
7.739923770078989129e-01
9.482970309828656630e-01
7.410280595633760292e-01
5.064852089479141561e+00
1.872749973696050896e+00
4.444993744154825954e+00
2.079394414952053793e+00
4.788691946804903843e+00
3.742029116667898503e+00
1.110342781555708980e+00
1.077322539115390665e+00
8.418525046494549358e-01
7.814303275792554571e-01
9.238444544138121328e-01
3.415953017259052427e-01
8.107804034340170274e-01
3.864432155964211413e-01
8.899502187355077254e-01
1.092373471595342815e+00
1.131289609792413886e+00
1.097646434183868980e+00
1.347311142411254048e+00
1.227454579591485295e+00
1.019849867277610844e+00
9.895207739294735738e-01
6.902382007160600130e-01
6.975479635208300389e-01
1.886518387490738080e+00
