1.903301959812710442e-01
2.095863203401684693e-01
3.700276619524553445e-01
1.987259019081845934e-01
1.038134023516501747e+00
6.798281903117822100e-01
8.617416941745900116e-01
7.677607768278323919e-01
9.393363014040576608e-01
7.416137530028896752e-01
4.953252778289924052e+00
1.837236131819606655e+00
4.336333039126083477e+00
2.074874004761518620e+00
4.726793499913514829e+00
3.731842431619861511e+00
1.129345307783901520e+00
1.090043928191023470e+00
8.605986666494493953e-01
7.895082431014053270e-01
9.165169465973530549e-01
3.399499531083851056e-01
8.023662216207678721e-01
3.877934271333751681e-01
8.834365105913533078e-01
1.098349905526846859e+00
1.140736816074030546e+00
1.101039010349693648e+00
1.368888514908063403e+00
1.243269767956086902e+00
1.035929546422833081e+00
9.998790487983879594e-01
7.041117357124492271e-01
7.041969091747853904e-01
1.898539461761286073e+00
