1.905791083332571967e-01
2.090415844516783916e-01
3.706172367549704916e-01
1.940161374403911732e-01
1.051090468084475260e+00
6.938420554240439797e-01
8.655126292918704500e-01
7.751268065454416378e-01
9.568344218924219602e-01
7.385955034170645916e-01
5.028140553189516027e+00
1.872125704403678315e+00
4.461034224834969031e+00
2.091448345285430221e+00
4.931725961127312097e+00
3.806876650371353588e+00
1.117151663676137607e+00
1.105511796720132889e+00
8.533619018608143980e-01
7.719156904454527179e-01
9.204773396106754602e-01
3.427209859344813037e-01
8.166599305947233045e-01
3.854630913984129492e-01
9.089386975256634749e-01
1.118846915329910097e+00
1.124714001237445915e+00
1.112995340500836594e+00
1.370027931350963346e+00
1.230937706113365060e+00
1.025379672891401972e+00
1.014695999975790075e+00
7.044969193409263974e-01
6.942935808929325825e-01
1.864728261406409127e+00
