1.955384352961268002e-01
2.096808418738798085e-01
3.758712974452532163e-01
1.988745537199245739e-01
1.053904523323927034e+00
6.937116931145156373e-01
8.706783486997360377e-01
7.834536182391634851e-01
9.416979851119208211e-01
7.417936652417592702e-01
5.026231838375755601e+00
1.845609648381190349e+00
4.378027919680032021e+00
2.084366706274707770e+00
4.735135629458739004e+00
3.729957661081310327e+00
1.129364873066704522e+00
1.081568166382275376e+00
8.519721046808478304e-01
7.877192868301582385e-01
9.240029936177777126e-01
3.392897293621782162e-01
8.048396958214758534e-01
3.860636722261308607e-01
8.770356214645389503e-01
1.090092957164559451e+00
1.137858410721367175e+00
1.089702242593010961e+00
1.354422455582206419e+00
1.242928942092730082e+00
1.061112933506922040e+00
1.016204768881468157e+00
7.046072671538782251e-01
6.933713447629616944e-01
1.888289396363847850e+00
