1.907078600805637292e-01
2.122961551144170456e-01
3.734649137558601062e-01
1.985890635070775012e-01
1.059130123188825268e+00
7.039309198736928286e-01
8.669605780746193480e-01
7.859882716417412318e-01
9.577863950839285989e-01
7.344990690191437466e-01
4.988927484899605247e+00
1.884864933614255333e+00
4.365600817910710418e+00
2.104583972125301017e+00
4.822956401371992996e+00
3.698587706935668962e+00
1.116570176776397583e+00
1.104763491335464032e+00
8.472116121477500927e-01
7.668714786398498351e-01
9.134694097684709080e-01
3.451175555494266911e-01
7.993386984461046119e-01
3.906231841691332196e-01
8.951691220523397829e-01
1.089435577922777565e+00
1.131855444291327339e+00
1.119887131440686190e+00
1.362921099704811123e+00
1.217016484466137527e+00
1.016757602534065441e+00
1.006006341724417830e+00
6.959683676021752863e-01
6.918131017039121922e-01
1.831115501144252145e+00
