1.918554833771710377e-01
2.028390334746822676e-01
3.739671170309085690e-01
1.984462518547280840e-01
1.045402153761999520e+00
7.019437634496258349e-01
8.704845742498559247e-01
7.825075459413718404e-01
9.531081898434575761e-01
7.315839358386677649e-01
5.153850991369881562e+00
1.877020014547454929e+00
4.386500455987907721e+00
2.092450138809121896e+00
4.802853069460729429e+00
3.686559604936360479e+00
1.114772417231580270e+00
1.094916806153403588e+00
8.404329697273654753e-01
7.675770113347009094e-01
9.488832077625329875e-01
3.455809598338543953e-01
8.076051539905498844e-01
3.879666939219146848e-01
8.905096433083407037e-01
1.098314137841224447e+00
1.122650663706814766e+00
1.102654730356959822e+00
1.359964250369403160e+00
1.233354569593280825e+00
1.061860146242792347e+00
1.042946974587924958e+00
6.976993076338553479e-01
6.689691083379583070e-01
1.836830228491016070e+00
