1.883011616293181478e-01
2.045813392811728082e-01
3.631577815683625365e-01
1.974897501328619076e-01
1.053269336856354155e+00
6.959744013052862055e-01
8.671708452506369236e-01
7.732579098323404398e-01
9.472839029254433996e-01
7.360185117882215300e-01
5.148413538386118482e+00
1.916451847182222279e+00
4.390966339606206859e+00
2.129261574660155976e+00
4.796623127469425540e+00
3.726869426352823922e+00
1.111043607900104480e+00
1.092384399352876789e+00
8.487583684567846509e-01
7.769777460750858511e-01
9.549284717891682872e-01
3.554637598635723150e-01
8.144370581529155606e-01
4.011956692918555167e-01
9.037801878677277356e-01
1.104010170137702085e+00
1.128654210617237474e+00
1.109699244183996347e+00
1.355550019594537803e+00
1.221547213534712961e+00
1.038838144689989917e+00
1.021391576930852585e+00
7.028670629993003516e-01
6.881465236979176225e-01
1.848657394762518891e+00
