1.913078505320449096e-01
2.071153056606505061e-01
3.660495793967015188e-01
1.917437412242254113e-01
1.047218838262585994e+00
6.905236778186127911e-01
8.648937632972625300e-01
7.801748640374651655e-01
9.439432901472865067e-01
7.351628590852834488e-01
5.056211731538610366e+00
1.886421175395660121e+00
4.510675330392424520e+00
2.131336594685609320e+00
4.922941860425253502e+00
3.834090512636775028e+00
1.129830719928480276e+00
1.091397961465996547e+00
8.500036539546756975e-01
7.788210020228796271e-01
9.314649849620828537e-01
3.475201128963353869e-01
8.309652269079893516e-01
3.965849718564318782e-01
9.160283570580698420e-01
1.124625521398611827e+00
1.141185667071685117e+00
1.102366654338352348e+00
1.353396610329084870e+00
1.227719112332368967e+00
1.054088090346959605e+00
1.018231822447773993e+00
7.073232999369645224e-01
6.946584111235080128e-01
1.861906584566391798e+00
