1.927890606139123775e-01
2.105633389299444436e-01
3.729270925012228011e-01
1.965676420986941508e-01
1.048277810734306259e+00
6.985062970795273829e-01
8.726211509076519102e-01
8.023921083443922297e-01
9.650459438420074809e-01
7.464950944847529302e-01
4.978444092221931960e+00
1.873037146201001812e+00
4.439291948516734365e+00
2.151605835239126296e+00
4.909485272034091352e+00
3.797649941336464607e+00
1.148725661743085436e+00
1.105916287770724260e+00
8.554629849486116155e-01
7.735332180277684211e-01
9.375218396662365894e-01
3.527233004008354378e-01
8.359907387312661697e-01
4.019407597122384157e-01
9.171392862569162086e-01
1.138729492862661452e+00
1.139535605545401120e+00
1.097068715915207937e+00
1.362131708050789980e+00
1.241610200245714335e+00
1.043344012522026576e+00
1.004461879475477826e+00
7.041700581908639789e-01
7.010420928652625339e-01
1.863336705682947958e+00
