1.876771693573090205e-01
2.078918910399976949e-01
3.736567603899545453e-01
1.968705469854206969e-01
1.049242656615912539e+00
6.953783536659176034e-01
8.662575571925307250e-01
7.920142928677832428e-01
9.559617521049798006e-01
7.440471468291186552e-01
5.047059081366679578e+00
1.861008356814443987e+00
4.400137910200866642e+00
2.119630572296414162e+00
4.855788571440164070e+00
3.779372578693648954e+00
1.138968863054791836e+00
1.103553722755589162e+00
8.589213919708984513e-01
7.783231339441816221e-01
9.082112517755971393e-01
3.348858616589864279e-01
7.917986881038558966e-01
3.819714908329917558e-01
8.750453140489178327e-01
1.101241783055692647e+00
1.140602021658210230e+00
1.105136099864493238e+00
1.390810315299801037e+00
1.258496863391156850e+00
1.029693643735491548e+00
9.976763111806019602e-01
6.985644868729384838e-01
7.001915140656101988e-01
1.898921048269682332e+00
