1.928476608003713566e-01
2.113105624914119185e-01
3.735548609428577804e-01
1.973545874724673965e-01
1.050612767552617566e+00
6.986491736441093892e-01
8.588108071531449506e-01
7.904637716598242880e-01
9.519021975415843384e-01
7.371050072946523368e-01
4.971889503135066946e+00
1.870271937783674066e+00
4.351613094744788413e+00
2.116058052797606948e+00
4.823309200625410575e+00
3.734927151857995842e+00
1.131417314267783025e+00
1.108395690428054081e+00
8.582856679902144403e-01
7.743495174171519668e-01
9.298120285717399458e-01
3.497666919900160876e-01
8.138117704813522257e-01
3.952952198863101674e-01
9.010296615067614479e-01
1.112136169796758667e+00
1.130168277708941016e+00
1.107172068762069861e+00
1.366576658308780834e+00
1.234294737796945540e+00
1.031421742942034259e+00
1.010434788715073307e+00
7.054950675626472378e-01
6.982093999948232321e-01
1.856104407436186321e+00
