1.846364548278083273e-01
2.015919890314115670e-01
3.675434054449280841e-01
1.944201348726539991e-01
1.040203770516992199e+00
6.994439710572001312e-01
8.642175717585787176e-01
7.802574430025821517e-01
9.449670790912958473e-01
7.280562195527345848e-01
5.159945965684729074e+00
1.903024134552192992e+00
4.445103241619726475e+00
2.122898769080198367e+00
4.860438347654953972e+00
3.744757301138661898e+00
1.115539593290415521e+00
1.093436548817679821e+00
8.424455175925522621e-01
7.704567023148062299e-01
9.316747357650929651e-01
3.436081539427963127e-01
8.026034411263549551e-01
3.892673953684320232e-01
8.912389999454624068e-01
1.114217697789087191e+00
1.132881716867629951e+00
1.110435059554091053e+00
1.388254324234419190e+00
1.250189565152859839e+00
1.037597103668080667e+00
1.017038393726185319e+00
6.973934317110872527e-01
6.857100341669546406e-01
1.859265292640078560e+00
