1.898008334539883768e-01
2.050582432284196732e-01
3.658960653241730143e-01
1.954936065614049368e-01
1.046625216774566880e+00
6.957184931314212006e-01
8.688887394065717418e-01
7.902852459511693350e-01
9.658366808566644091e-01
7.470620475112365044e-01
5.104038736978274926e+00
1.901410151855651431e+00
4.444589031271731550e+00
2.159862651846228943e+00
4.940502647861750418e+00
3.821414217331873697e+00
1.135926748754520155e+00
1.111576933907908016e+00
8.597902281728961871e-01
7.734869282958044545e-01
9.377491708386451741e-01
3.493401765172395312e-01
8.165905263605258702e-01
3.915188091014816796e-01
8.955660728704808449e-01
1.109529043457563313e+00
1.120737995282259369e+00
1.096713767745925550e+00
1.358733670843132346e+00
1.238913662619314460e+00
1.037349204982576323e+00
1.015112506093055922e+00
7.048143109698157271e-01
6.943213749601908624e-01
1.863797345486071899e+00
