1.900641169995874180e-01
2.049255807905583648e-01
3.655941883326582209e-01
1.920263330358822629e-01
1.046957559664983384e+00
6.870139519883731172e-01
8.516633433376972206e-01
7.666166817970396785e-01
9.305816850962681519e-01
7.275367970325179456e-01
5.108964706241400755e+00
1.879170878294300184e+00
4.435138295217846860e+00
2.096906094960915290e+00
4.846114959256024868e+00
3.788734521616728745e+00
1.115867704838130914e+00
1.092663776568435496e+00
8.542539757332714423e-01
7.818086350552392316e-01
9.242825074422691412e-01
3.399680505094251348e-01
8.023779728501976294e-01
3.867343111155282509e-01
8.937734192572261982e-01
1.095539055777943638e+00
1.137560751770721357e+00
1.113905727100626297e+00
1.365365317652456056e+00
1.225745845841327508e+00
1.055063399037835525e+00
1.033123866846780370e+00
7.098224254192655458e-01
6.870642022681460181e-01
1.867944422114509395e+00
