1.908140162000394047e-01
2.063489237340052629e-01
3.664001340763230474e-01
1.944527556868685669e-01
1.052592306474893213e+00
7.007400120560721701e-01
8.695646932657019601e-01
7.905061042550272088e-01
9.541700921424970394e-01
7.360419181539700206e-01
5.101031240811028766e+00
1.912499333065484919e+00
4.471855851022140449e+00
2.157494036534278958e+00
4.906950733467708936e+00
3.785196643544790351e+00
1.128101850407497553e+00
1.097296267353098820e+00
8.464487160693253687e-01
7.713948741583995794e-01
9.270627245392499827e-01
3.475781187549227269e-01
8.127162280104432979e-01
3.861200931025016159e-01
8.781819286506462596e-01
1.100173463410236918e+00
1.110887228706001650e+00
1.080551733045204577e+00
1.353699391611138836e+00
1.252785359749644556e+00
1.027254466943419375e+00
9.992027686078509552e-01
7.049801395189039255e-01
7.055426202442618422e-01
1.881828079814770849e+00
