1.961789422045210896e-01
2.088073715607303704e-01
3.769943153329990415e-01
2.013440147723599971e-01
1.051961393613389584e+00
7.097320481745301723e-01
8.729968464480460932e-01
8.111604237103962056e-01
9.708202293215421053e-01
7.411836607168380553e-01
5.037951417857069458e+00
1.882606764368910612e+00
4.335847020012282726e+00
2.151651605128046540e+00
4.821698973367316121e+00
3.681180498734079709e+00
1.142910801050544878e+00
1.112054680691584307e+00
8.490106965821065943e-01
7.634612859631225712e-01
9.404673335700203252e-01
3.514385147842535861e-01
8.094009146703838864e-01
3.933147620675133127e-01
8.813905466625393537e-01
1.104752015528170039e+00
1.119156681813794130e+00
1.088941871311662757e+00
1.364900873602377107e+00
1.253419406086675014e+00
1.051471374589357577e+00
1.023083921029107168e+00
7.102621941681652729e-01
6.942364937704439409e-01
1.857812154038113173e+00
