1.922972074529872288e-01
2.097913742478302868e-01
3.776311418470239545e-01
1.990587458601638104e-01
1.058069468889104803e+00
7.071048799452334110e-01
8.719326172910364381e-01
7.871808054858443482e-01
9.442072154879129764e-01
7.397411672160099094e-01
5.043436474367094746e+00
1.872475020165781823e+00
4.380277859801035234e+00
2.084523012682906629e+00
4.743359611796240216e+00
3.716195256930175717e+00
1.113244764407244514e+00
1.082890118758744080e+00
8.483925850993790929e-01
7.834521438535646531e-01
9.172443148068100127e-01
3.405449985528692380e-01
7.966363777152237757e-01
3.862632181033250900e-01
8.789470478983207880e-01
1.109129032557863326e+00
1.134250157085652022e+00
1.103322761156308784e+00
1.392265108127346496e+00
1.261883790621902035e+00
1.039666852570506839e+00
1.011318442668868167e+00
7.089687863602501805e-01
7.010341712836585248e-01
1.888207463999537206e+00
