1.935007771248905550e-01
2.125716046947262461e-01
3.738612184411190809e-01
1.958976202146202605e-01
1.057236968114061648e+00
7.067008133794526747e-01
8.797104685349381725e-01
7.768188111676002094e-01
9.391577254922384155e-01
7.381561962278334610e-01
4.973556885136931172e+00
1.890275798934608620e+00
4.490664396898494282e+00
2.077826671636829658e+00
4.794125239823342710e+00
3.768071278350032749e+00
1.099218787442513889e+00
1.067575934450687214e+00
8.390899308691324165e-01
7.859768132567354071e-01
9.167930459848537827e-01
3.484411151776743432e-01
8.277797934173942718e-01
3.915187721247245234e-01
9.033429269772377257e-01
1.127591472207635670e+00
1.123629660997624846e+00
1.091284100144423341e+00
1.362187723322531241e+00
1.248242985618736700e+00
1.022823405392544460e+00
9.933797213660571224e-01
7.050326967636738607e-01
7.097313158297016145e-01
1.867393675796733543e+00
