1.940099378660856966e-01
2.093768999172581635e-01
3.701872168205280755e-01
1.992198128110209965e-01
1.064479145089184620e+00
6.983260120180322383e-01
8.785694830700505609e-01
8.072112069146469837e-01
9.728935442857682414e-01
7.456686333189367355e-01
5.084033365236789948e+00
1.886413091234834472e+00
4.410050740803866276e+00
2.180548571740644981e+00
4.883518012380879902e+00
3.742944151976864919e+00
1.155923154834167743e+00
1.107360957822156378e+00
8.487304051505309976e-01
7.664442196153696818e-01
9.459179910652985024e-01
3.509796166526585326e-01
8.205190716805875750e-01
4.017311946699845815e-01
8.997100778819540068e-01
1.105336833258814266e+00
1.144599787592655238e+00
1.096513303510626924e+00
1.347119002358912798e+00
1.228547796042181561e+00
1.060593283022823297e+00
1.016036047756470717e+00
7.060062100215208636e-01
6.948633481857922067e-01
1.872712007179841986e+00
