1.899250261053433975e-01
2.062619139505117993e-01
3.676758568768164759e-01
1.929549369818052695e-01
1.052809231130072520e+00
6.952037518085300016e-01
8.682845972024546555e-01
7.612611730810625588e-01
9.362757314842521383e-01
7.275482906947625672e-01
5.104234761356241989e+00
1.890806096744736653e+00
4.499934600192841749e+00
2.070468209546079130e+00
4.852302543430327297e+00
3.770560640090628635e+00
1.095018792836903287e+00
1.078305125417241772e+00
8.379145421200219213e-01
7.770662703618306244e-01
9.123031332537846483e-01
3.379523879848420065e-01
8.042938123210909840e-01
3.808099985510445817e-01
8.924577136772549046e-01
1.093288943178582384e+00
1.126815528133285005e+00
1.109616535655961078e+00
1.359315372604307237e+00
1.225031647352599951e+00
1.037566579780539566e+00
1.021729826243843897e+00
7.021619799032995379e-01
6.872286213711087388e-01
1.855175009346766712e+00
