1.918536839811564587e-01
2.133209536148600594e-01
3.792058752531844990e-01
2.001610420496307552e-01
1.047249377343858034e+00
6.930142506484969767e-01
8.585122256421553466e-01
7.911315862070336102e-01
9.620368449586388371e-01
7.432851623093265081e-01
4.909266340683121399e+00
1.827540910819991815e+00
4.289107494900449957e+00
2.086285149666572192e+00
4.806314131398746525e+00
3.713435715053011066e+00
1.141580545373666045e+00
1.120586074635161467e+00
8.657828509703042741e-01
7.726161073812954916e-01
9.076636639434221276e-01
3.378900968103826230e-01
7.930038326922017600e-01
3.858977094656926843e-01
8.890182699022660673e-01
1.093106523816550490e+00
1.142080555507523520e+00
1.121076889230284035e+00
1.378437882330930675e+00
1.229565871505341024e+00
1.027148802142334505e+00
1.008258811805639921e+00
6.974005497351588589e-01
6.916880284797306544e-01
1.858060050182633649e+00
