2.613506387298787995e-02
7.639164640399767059e-01
7.660501747654956395e-01
-4.780710208634317837e-01
-1.564337607443533340e-02
-1.041654608784936542e-02
-1.824253676481557562e-02
2.680769947602107406e-03
-1.637939578339420166e-02
-1.069731602204360144e-03
-1.128375956771295208e+00
-7.802773346525169185e-01
-1.140028407404045208e+00
-7.776219776343371581e-01
4.703071790882401570e-01
-7.481979462548381532e-01
-7.581576476573232970e-01
5.068868546840217260e-01
2.539904416402904985e-02
-3.203442327723389146e-03
1.136115281321130599e-01
-7.174945381049667795e-04
1.040927882248821046e-01
4.071573205593938781e-03
7.879534299243762252e-03
6.756259074761850059e-03
-1.141473272806746708e+00
-7.743144849569720822e-01
-1.160951714116462918e+00
-7.794851186157585321e-01
4.893673448192364384e-01
-1.272218223495436007e-02
1.585625415975518149e-03
1.222085569694617985e-01
1.079007493185319272e-01
