1.979969136785044576e-02
7.697893953762231511e-01
7.753271209784168283e-01
-4.961503465746333053e-01
-3.742949287171926098e-02
-1.897834012349330912e-02
-8.119929999298891588e-03
-1.407638998299209909e-04
-1.594536973172189231e-02
7.720077843895722935e-04
-1.156845245654189336e+00
-8.056434287072431477e-01
-1.153693484786892931e+00
-8.086900893834769732e-01
4.560644604962316162e-01
-7.689680441318659243e-01
-7.636473596098651839e-01
5.158092740426538647e-01
4.128381450784775197e-02
-4.765717817804132617e-03
1.090944962966671483e-01
1.575459540699276559e-03
1.177839827661571193e-01
4.066524466659011960e-03
-2.656393206682388167e-03
-1.008640233980484524e-02
-1.175682821877852557e+00
-8.086763990990144535e-01
-1.161672650886361735e+00
-8.008646496510538615e-01
4.718690663281236430e-01
3.923768651685838327e-03
-2.274652891844395480e-03
1.048626435492854697e-01
1.110610650928157139e-01
