2.672711181243560968e-02
7.904875036172088754e-01
7.834715427569886037e-01
-5.078173328309197876e-01
-2.357548424605504511e-02
-2.223006208110822612e-02
-7.223067209102040920e-03
-1.335178237021147907e-02
-2.850613556694814310e-02
-4.608267322244286035e-03
-1.179566071826976703e+00
-8.105972271254726635e-01
-1.168422676405662664e+00
-7.950811345631392246e-01
4.790942734559969773e-01
-7.859904538858815126e-01
-7.639674981536550558e-01
5.211926622731438696e-01
2.179646049154245618e-02
2.407693537976022050e-03
1.187387646211521819e-01
3.465760737791331522e-03
1.228661991822456306e-01
1.196589243990434440e-02
-5.147575128867803301e-03
-1.961526219425047124e-02
-1.188444351537873311e+00
-8.043211536396327466e-01
-1.162293961244553309e+00
-7.737980662052931224e-01
4.942486266527336691e-01
6.535128099069476004e-03
1.090782524008903319e-02
1.101254287544930488e-01
1.057527316134734829e-01
