3.967927686699677936e-02
7.696524777154273300e-01
7.746520301818210497e-01
-4.996178913613882333e-01
-1.910262030698528513e-02
-2.331823129867194311e-02
-2.680374375117144936e-03
-8.294701761565492770e-03
-2.135765582295146015e-02
4.834897860277465043e-03
-1.151199604900826401e+00
-7.867871971373299189e-01
-1.161623214136331628e+00
-7.933829115867527815e-01
4.758811441757394012e-01
-7.532914321471024799e-01
-7.376531276899414014e-01
5.310024664668194783e-01
3.742424135103056271e-02
-1.646546061161817398e-04
1.180707641759889404e-01
1.967900885082599083e-03
1.126467074068775026e-01
3.717389020535515759e-04
-4.634126878663515775e-03
-1.580295906327733313e-02
-1.166223134437932796e+00
-7.887477726130504019e-01
-1.156008886749883224e+00
-7.747056301389184663e-01
4.889440982371253686e-01
-5.588711375227622957e-03
-1.760816589145231415e-03
1.114687364122428359e-01
1.076408416261604439e-01
