1.382608156237690768e-02
7.837189360633620705e-01
7.695285270427416613e-01
-4.860256978088978164e-01
-1.984343882495176459e-02
-8.146993566026328182e-03
-1.752122760165764070e-02
-3.557358101580226917e-03
-6.337007523828819266e-03
-1.043133000222051798e-02
-1.158513103050964332e+00
-7.974822830450897237e-01
-1.142986451904669742e+00
-7.931784449636584133e-01
4.738047293975503615e-01
-7.780398480670114303e-01
-7.732236730820223336e-01
4.962944212696944191e-01
2.733251286349977494e-02
3.759079018400005717e-03
1.112315308212956516e-01
6.080091843224199807e-03
1.125677729469696381e-01
-3.806479095964996132e-03
7.622470413604332320e-03
-1.057095966589205460e-03
-1.163102738515410239e+00
-7.992922690872871216e-01
-1.156950321404746962e+00
-8.043626650414871238e-01
4.765843788197989817e-01
5.095321144073988728e-03
-6.127491920789190222e-03
1.127739093916757668e-01
1.239967224565389492e-01
