3.252440337708455143e-02
7.697994152447544813e-01
7.700612348825138787e-01
-4.801584788757434774e-01
-1.669849913566923139e-02
-2.113029962060664069e-02
-4.565983283703944906e-03
-9.571451769644440111e-03
-2.827945325416492128e-02
8.845381167090105023e-03
-1.136164433686642772e+00
-7.882971876422294466e-01
-1.137929362904374964e+00
-7.943036253116880774e-01
4.540269026484837767e-01
-7.584053114882766122e-01
-7.421028147891333138e-01
5.031114304831836304e-01
2.094344925858881296e-02
8.583561529330624440e-03
1.137934604338552702e-01
-1.799273261805630665e-03
1.122903508538824480e-01
-7.543891293504843311e-03
-9.433077091590452018e-03
-7.718935169812590757e-03
-1.147723281537604834e+00
-7.811480340086711660e-01
-1.132923894418434330e+00
-7.705901553412271010e-01
4.727349041330043411e-01
7.080451949357802199e-03
2.838943497631411794e-03
1.061596566040704515e-01
1.104011650557968488e-01
