2.665866997176462999e-02
7.889581185828852261e-01
7.813784041165039440e-01
-4.984716139198796525e-01
-3.209599493665782344e-02
5.304473807905552007e-04
4.913540355524270709e-03
-7.824581208336095495e-03
-1.712363768992641866e-02
-9.311300637938613178e-03
-1.187557376569384315e+00
-8.166118884568582814e-01
-1.168655185578492350e+00
-8.058240208452849274e-01
4.732399721797433956e-01
-7.617690012303300895e-01
-7.498061937892150919e-01
5.173057026833082217e-01
4.163102721849602783e-02
-1.731586171557275566e-03
9.987235593338059103e-02
4.442225062684808032e-03
1.111948324578911351e-01
7.650378207876912945e-03
6.864353196521557829e-03
-1.369439361267232869e-02
-1.179202347980257803e+00
-7.989578033861413076e-01
-1.155917064014632345e+00
-7.837868427998342380e-01
4.825390286613337465e-01
9.590890352953268527e-03
1.476566973634829347e-03
1.022944840672173478e-01
1.104088074465357922e-01
