2.425246694937707725e-02
7.752940943003794327e-01
7.748612391500403485e-01
-4.933363599104401698e-01
-3.246448608853014228e-02
-8.150560878085855165e-03
3.735801025072538195e-03
-9.276153160060029990e-03
-1.843529193418402823e-02
-5.807291150754512188e-03
-1.164219963442840733e+00
-8.122014107645946224e-01
-1.161394107597484293e+00
-8.113300813908587150e-01
4.624524148909766041e-01
-7.591921882290881829e-01
-7.468729711755907053e-01
5.083126736997571893e-01
3.828166110372323988e-02
-5.374436000415396680e-03
1.044104907679790362e-01
-4.442830375684997911e-03
1.068034914629964194e-01
-4.004356152288162697e-03
1.580541069066539357e-03
-1.769365305391290555e-02
-1.163094371160866558e+00
-8.019166797084964493e-01
-1.148382153412351725e+00
-7.891589884316021486e-01
4.716115536651005469e-01
-2.981435305397989177e-03
-4.935961777018561467e-03
1.104338622127305630e-01
1.123883886843511232e-01
