1.720957086826844021e-02
7.748365273105760620e-01
7.726172485896151132e-01
-4.951541721519894246e-01
-2.217469730197862976e-02
-1.742215135390878800e-02
-1.930317098519029884e-02
-3.950146203640605980e-03
4.246786912597610986e-03
-1.665086443014773820e-03
-1.154737180559008092e+00
-7.930269289822198253e-01
-1.150204040781695580e+00
-7.884518356640697334e-01
4.727226655437565261e-01
-7.750491077962163855e-01
-7.747108487065369475e-01
5.084135968166172415e-01
4.363105508284474687e-02
5.541922779461836562e-04
1.152535189035574503e-01
3.984295630334996549e-03
1.175673799599088187e-01
6.340110227523969647e-03
-2.568093062541975530e-04
2.159331882667370195e-04
-1.168209185709276232e+00
-8.146958672487262243e-01
-1.165557065563245231e+00
-8.120017935618576432e-01
4.645257324275182675e-01
2.868053334297571144e-03
2.910006875135155019e-03
1.110124139669682458e-01
1.109704604261306654e-01
