2.491580940812669620e-02
7.586014620908815287e-01
7.570859566376965111e-01
-5.037129184314446118e-01
-1.632195717710183125e-02
-1.971918138063943893e-02
-2.439597104523816284e-02
-6.416087009548099296e-03
1.642646046029860862e-02
-8.355807897888700708e-03
-1.158826965285583155e+00
-7.936251484810349366e-01
-1.151708286983133211e+00
-7.683975751589297021e-01
4.776589985670555150e-01
-7.534048340633942020e-01
-7.565661182748079083e-01
5.222126408300232780e-01
5.766422704552710138e-02
-6.840302444703665746e-03
1.034874152367429162e-01
-1.870172921305147951e-02
1.090905880860079946e-01
5.010338655868590806e-03
-9.731962687287255137e-03
-3.679018233289976791e-03
-1.172130059656674383e+00
-8.297707903219728731e-01
-1.169688171018823164e+00
-8.092200066644663625e-01
4.548164510972088626e-01
-1.237129595438590801e-03
1.687176542421640543e-02
1.124571817625071440e-01
9.434828674285214434e-02
