2.530263744174630902e-02
7.774678573299601547e-01
7.911116108598675867e-01
-4.736959128008549902e-01
-1.783926719386430548e-02
-1.208428751773316101e-02
-4.660515476580640026e-03
4.890690913808920515e-03
-1.352265085991188887e-02
3.526815020811424617e-03
-1.154083624625689808e+00
-7.997307476454040831e-01
-1.143251560957113000e+00
-8.010549771938415553e-01
4.486005019091580115e-01
-7.642495074059469928e-01
-7.704694888947019038e-01
5.038892411564102058e-01
2.961925377569875339e-02
-1.011693850909611836e-02
9.708014550512555907e-02
-4.423623121579591672e-03
1.215559627036096324e-01
7.895900859890388895e-03
-7.256143697832721784e-03
-3.896957020341096367e-03
-1.171058603057231862e+00
-7.982923843032253552e-01
-1.152802767347502755e+00
-7.921928418105103065e-01
4.670138436828787931e-01
1.435887868938795497e-02
2.202585472373862208e-03
9.424762492887241161e-02
1.064039181458865252e-01
