2.925933514238811955e-02
7.878876825478381418e-01
7.697737570772553717e-01
-4.753042362369035434e-01
-3.167446869310230895e-02
-6.387469741121920563e-03
-1.815178191135102814e-02
-4.714883527122126772e-03
-3.254875472173335282e-02
-1.279583592463251485e-02
-1.150582494753254803e+00
-8.124108009793513663e-01
-1.145171779971920323e+00
-7.864856261902697376e-01
4.617839320591319296e-01
-7.650158171465719636e-01
-7.586662038462183011e-01
4.998486878521695154e-01
2.838504911375706180e-02
5.318089545950178965e-03
1.126094240314867712e-01
7.151350261589088826e-03
9.990621334223848127e-02
1.496259958008786493e-02
1.815416451533070213e-02
-1.031523754403407267e-03
-1.152255080967254708e+00
-7.862495159987399340e-01
-1.158608678356149557e+00
-7.720886533798874130e-01
4.896178032537432112e-01
-7.385121143298117863e-03
1.312933886444895767e-02
1.236122382852283957e-01
1.030977782774813167e-01
