2.678474843677233763e-02
8.038483141288379485e-01
7.788071741416424665e-01
-4.971907986018693215e-01
-1.277385840999456512e-02
1.326670110480621112e-02
-1.644296221529506496e-02
-1.486806417092173538e-03
-1.503781725419894855e-02
-1.639627394803078175e-02
-1.183756900097068465e+00
-8.142715435226984821e-01
-1.165323497458051083e+00
-7.981157617181565689e-01
4.825840965670662452e-01
-7.637968645872593720e-01
-7.684653879201651661e-01
5.224887406215494856e-01
2.452078959256801666e-02
8.644866039164745414e-03
1.172822126336386384e-01
2.350629016134100913e-03
1.106744752854605524e-01
-6.534729166519530341e-03
-1.832843624808474722e-03
1.331338937207049433e-02
-1.169003392575170164e+00
-7.859670251636933225e-01
-1.180279653256254058e+00
-7.995209066792526853e-01
4.961351074041729925e-01
2.037128690986655943e-03
-2.404921434888858400e-04
1.130987399926960818e-01
1.153763608271716201e-01
