4.222708495508945697e-02
7.839955850725445208e-01
7.797824466180101055e-01
-4.997819595090420286e-01
-3.620405124072689773e-03
1.537989860666666431e-03
-1.042246310842931400e-02
-1.615101512085198587e-02
-3.289072507996704253e-03
2.436181873129106279e-03
-1.162456918075526868e+00
-7.790592498846591329e-01
-1.163104488704514772e+00
-7.864856581041386185e-01
4.898958383704840047e-01
-7.402305102567883210e-01
-7.479778247713498862e-01
5.258580293432794095e-01
4.255841757116542862e-02
6.649320327663662059e-03
1.213206265060598199e-01
8.556740311958046380e-03
1.164599174225373901e-01
-3.082806362055942519e-03
-6.265716014485311555e-03
1.439663484222508671e-02
-1.144767913094008049e+00
-7.742321875159956512e-01
-1.157375936692091933e+00
-7.936190487045711173e-01
4.770338957576287231e-01
1.788611244141230516e-03
-4.990226346350327274e-03
1.064981701796164498e-01
1.132770077701080180e-01
