2.714740142262103001e-02
7.635182307691079640e-01
7.750165860700176657e-01
-4.958205972297115016e-01
-2.578475436304850099e-02
-1.077574359602628817e-02
3.583239926675974019e-03
-2.213225919057082436e-02
-1.070148709700413647e-02
5.559963357115726978e-04
-1.157457050643095231e+00
-7.882553625649380002e-01
-1.148147310578565117e+00
-7.979356329527071967e-01
4.780785328469304707e-01
-7.471465729425132984e-01
-7.442859447207207380e-01
5.008357394617617420e-01
4.223066868866542922e-02
-1.094235896519819146e-02
1.018817773557243733e-01
1.047622567218476838e-03
1.226898727211641893e-01
2.865707480359048001e-03
8.042689980267450980e-03
-1.380298718699068949e-02
-1.146100535048550695e+00
-7.883296190639602630e-01
-1.122431811461318318e+00
-7.836509059290271972e-01
4.666477607533637828e-01
9.865736400241631454e-03
-9.124274052057620293e-03
1.088768447687733509e-01
1.278668552210726062e-01
