6.255183637671928379e-03
7.979937204430620490e-01
7.678668666497366901e-01
-4.910624107808875261e-01
-2.264601827347101359e-02
8.175499399833308090e-03
-7.544607935838554269e-03
8.735719851638096278e-03
8.280416996960915377e-03
-1.914451884156109784e-02
-1.162245900047568892e+00
-8.195353532309577194e-01
-1.151539071197309250e+00
-7.855022582774140449e-01
4.787083377674390405e-01
-7.835630374055568836e-01
-7.691562909479033872e-01
5.060533142701975073e-01
3.718161890810389725e-02
1.098233495176426620e-02
1.268102311763806278e-01
1.104385485575480261e-03
1.073902062333149665e-01
5.010626645793605019e-03
1.029194526002259746e-02
-3.424411505889235485e-03
-1.162806120499373819e+00
-8.196402708280854377e-01
-1.167819398984786039e+00
-8.013272832102136256e-01
4.791636406221161937e-01
-8.437689991301400294e-03
1.488857611198239270e-02
1.359977909508277572e-01
1.126715248475439329e-01
