1.525882397135084126e-02
7.808076777860851747e-01
7.723279612937470340e-01
-5.090557811860558779e-01
-1.878214804054112452e-02
-1.562868904283765126e-02
-2.258185315977856433e-02
-2.443753243578447587e-02
-2.134377993713520993e-02
-8.691659072380009121e-03
-1.172315987018582195e+00
-8.028211782091259074e-01
-1.164069088434181332e+00
-7.874217541492731787e-01
4.866504182655455590e-01
-7.811775428575719049e-01
-7.796509904821746773e-01
4.998770727216222953e-01
1.269719207475673156e-02
-2.119425800418319600e-04
1.175474719535588991e-01
-3.231352382499515404e-03
1.173146540456215942e-01
3.688355185014913044e-03
-3.623214879969228162e-03
-1.738494955439096046e-03
-1.163507143625635232e+00
-7.971060873148282377e-01
-1.162213409158175281e+00
-7.886598273719164220e-01
4.835566657668963209e-01
-4.447604879791455801e-04
6.707764987472594753e-03
1.171556094560891742e-01
1.100030839806374339e-01
