1.681966474565888686e-02
7.980315476015783505e-01
7.706510394438850220e-01
-4.971309483045945332e-01
-2.120816136876291225e-02
8.487968099742060346e-03
-1.269453829381239629e-02
6.169152102111080671e-04
-3.228392088033615881e-02
-3.104332579360091771e-02
-1.172319463866521971e+00
-8.137532336647052000e-01
-1.149027151310512362e+00
-7.944416057251947327e-01
4.713834905977432044e-01
-7.727239147561772992e-01
-7.665259129920384273e-01
5.145675282604644796e-01
5.743905234085609074e-03
-3.662817635907625671e-03
1.228430320396508846e-01
5.486475305635930833e-03
1.187548364379671928e-01
-2.582404912546763364e-03
-4.539296338088454758e-03
-9.860819400046461070e-03
-1.164448410976990811e+00
-7.729813446846268699e-01
-1.162338604814535659e+00
-7.748522231386708592e-01
5.042843266882904851e-01
-7.751013237591322658e-03
-1.173169785409031857e-02
1.128172603959265025e-01
1.167979450124255053e-01
