3.246505739393824863e-02
7.906812528546115493e-01
7.806315887323769243e-01
-4.857360682241892436e-01
-1.695010755961812166e-02
-8.018436739341883168e-03
-1.068131916223391542e-02
-4.619416629611294844e-03
-1.934343704252949880e-02
-1.385339214927094886e-02
-1.158327557763210169e+00
-8.174479960170418780e-01
-1.163344607036925549e+00
-8.020991534788411981e-01
4.745329570272037722e-01
-7.662346322000151977e-01
-7.588478505006726049e-01
5.135817089885161835e-01
3.007172791102685067e-02
-3.803728027036386294e-03
1.180897633155906234e-01
-9.816635602812153263e-03
1.030230499196405775e-01
-4.517457186846091446e-03
5.746996362632554936e-03
-1.119050972637891661e-02
-1.161726577872940869e+00
-8.061229957138542623e-01
-1.169406509569548280e+00
-7.934370355985456147e-01
4.892569774401219762e-01
-1.887044142298642535e-02
1.495450388929675089e-03
1.336533952810353421e-01
1.132875034691192273e-01
