2.551707475873763245e-02
7.832753489914778822e-01
7.769794359550800111e-01
-4.920001375652376385e-01
-1.071607192942192199e-02
-1.850070285234561851e-02
-2.088655364915115165e-02
-1.463018705447675927e-02
5.293788318856518238e-03
-2.329183394489398040e-05
-1.173862621333288558e+00
-7.895602371633099192e-01
-1.157200570696836905e+00
-7.799399474050590086e-01
4.792048836918393340e-01
-7.762589770850858439e-01
-7.723489148454935060e-01
5.028870252694984666e-01
4.152693500701606921e-02
6.272621202452805314e-03
1.014128652234268929e-01
4.431183757589758285e-03
1.117790028234808136e-01
7.755560479442959176e-03
-2.079181943976389502e-03
2.362558962860639156e-03
-1.177733137131157459e+00
-8.133547283345120560e-01
-1.163456937291511339e+00
-8.061202893730666785e-01
4.592809083185059871e-01
1.663875880250673123e-02
9.596997924306004471e-03
9.490249952186073645e-02
1.019442604000614788e-01
