2.074618325859461238e-02
7.920602984525377810e-01
7.651971877176610981e-01
-4.981142232841956341e-01
-1.038101479381603465e-02
-7.807578717265784007e-03
-1.014386190427329915e-02
-6.388084573706584446e-03
-1.610710094839906681e-02
-2.182705555803932107e-02
-1.178278629122541776e+00
-8.006434150430720154e-01
-1.152419251672948786e+00
-7.824280382910965281e-01
4.904882279138544909e-01
-7.791216939112088902e-01
-7.545948663633397224e-01
5.124723219690836551e-01
1.502009710401151603e-02
5.036055176837314976e-03
1.118958926141916943e-01
1.797898203281798543e-03
1.108921593289080298e-01
-6.849835779619492526e-03
2.755019423474879339e-03
-1.949077237103180593e-02
-1.179698123266100795e+00
-7.923438928119386215e-01
-1.156175029003515320e+00
-7.764647992469706494e-01
5.002072442885470149e-01
4.032321891553641846e-03
-3.611678806063976094e-03
1.128530138343847855e-01
1.204970145320024000e-01
