-3.238487033852717467e-04
7.880829116579218807e-01
7.659241090948670783e-01
-4.954450326343004529e-01
-6.357315877247859959e-04
-8.101496154100384928e-03
-8.027072524919409702e-03
1.653353557402760521e-02
1.843892516107881185e-02
-1.763552611338314868e-02
-1.158315234468606958e+00
-7.880488406105022881e-01
-1.151009747671623895e+00
-7.644247518425811849e-01
4.879603410941669717e-01
-7.965082565154075755e-01
-7.742750303231717979e-01
5.116547195049427899e-01
1.875080804541828100e-02
4.523276449671658969e-03
1.252127098236153202e-01
6.698026351442884496e-04
1.103593940575434557e-01
2.135088840010790356e-03
-6.848959952408658833e-03
-1.770994974256412391e-02
-1.182950266196735045e+00
-8.145892619256814848e-01
-1.175570355770571007e+00
-7.908907495285794065e-01
4.860549515071158067e-01
-1.033003931640019690e-02
5.988562654538162611e-03
1.176939472360623851e-01
1.013753452651240117e-01
