1.734282650422758199e-02
7.910569435672690775e-01
7.687982576859533346e-01
-4.808406956783454200e-01
-1.787896610794681429e-02
-9.190185690986618638e-03
-3.564803338425370782e-02
-3.265236667021970129e-03
-1.661601219870822987e-02
-2.539202607447976767e-02
-1.159477265899275356e+00
-8.100205004062160929e-01
-1.140100402109986977e+00
-7.852116572379789217e-01
4.660081802023414710e-01
-7.829043027540281141e-01
-7.871034645659794604e-01
4.949182855155510596e-01
1.860578041346612130e-02
-3.133340193164109791e-03
1.124203733463391836e-01
-1.084590731000313960e-03
1.095385512543118195e-01
1.465566555921190769e-03
3.046450631942809739e-03
1.065821618787321512e-03
-1.165402214923239921e+00
-8.025946738984944817e-01
-1.172483198827218631e+00
-8.042436784235243996e-01
4.793589557340277585e-01
-6.015162285191472114e-03
-5.831829062426033272e-04
1.165514147092822916e-01
1.111194353303334298e-01
