1.508933418927515917e-02
7.760746626862674580e-01
7.710568271808109220e-01
-4.933491452328292448e-01
-2.058226139549979017e-02
7.808713898406427489e-03
-1.874248238625342289e-02
-1.550435620307603901e-02
-1.119243282791571037e-02
-1.026578898507568560e-02
-1.165480075923157610e+00
-7.990904590323962831e-01
-1.162805078731847575e+00
-7.899351111755511523e-01
4.854063863189286843e-01
-7.531766145985858696e-01
-7.747099753777891840e-01
4.929341232190284638e-01
2.447916275685921642e-02
-5.247953479619184292e-03
1.039437319959392869e-01
-2.433534950628988072e-03
1.016008936817926894e-01
1.703977400759545957e-03
1.263950248159915850e-02
1.628540729958416478e-02
-1.142167005821675074e+00
-7.800893123060741452e-01
-1.166043204915024889e+00
-7.974851607338888648e-01
4.810944629437683417e-01
-7.590791793765788720e-03
-1.110441128230650262e-03
1.190167694281674265e-01
1.125364187626322898e-01
