4.610888348183685495e-03
7.740322178706736667e-01
7.626972094208668285e-01
-4.955876434677781717e-01
-2.618796427270664307e-02
-1.081509674021563505e-02
-2.335995615171193585e-02
-8.203105336174049134e-03
-1.919960649280882947e-02
-1.399491592480228697e-02
-1.147818303271993745e+00
-7.926783099321313975e-01
-1.132264269153219871e+00
-7.842164520453686061e-01
4.779929084970760411e-01
-7.802364262627056180e-01
-7.814462772243950806e-01
4.919954264797878341e-01
1.159924612808150603e-02
-2.659907474995473059e-03
1.218015580664581210e-01
7.541872211248988600e-03
1.260205837354249903e-01
4.668721648204957400e-03
8.593229302004503842e-03
-1.450056513305986172e-03
-1.150430294676035414e+00
-7.842938001795382030e-01
-1.147421119968757841e+00
-7.883768017042717124e-01
4.889894096537108492e-01
1.559118193971420485e-03
-5.533058038039502524e-03
1.228529151572136380e-01
1.299450913892245540e-01
