1.037918034072241730e-02
7.689742280581223222e-01
7.703572071345898831e-01
-4.907966679476311045e-01
-2.622545262731468263e-02
-1.210116224503288151e-02
1.531740242925216933e-02
-1.550871340421811073e-03
-7.003304825749401274e-03
1.089413992787502394e-04
-1.154795392006108035e+00
-7.983723104099297307e-01
-1.156575310504778464e+00
-7.993994876739306532e-01
4.759513941102264112e-01
-7.706962099624327100e-01
-7.446606243646152201e-01
4.996249769479317315e-01
2.960132814228769865e-02
-1.274037677188765566e-03
1.049755039996453365e-01
-3.172629724492636617e-03
1.045785645774424122e-01
-2.816827912026091847e-03
1.138017878991003790e-02
-2.730962327500630060e-02
-1.165345682910718939e+00
-8.034701678292131000e-01
-1.139707036735104317e+00
-7.770787804189289716e-01
4.814038275955540014e-01
-1.670977099391679488e-03
-9.182358647222207959e-04
1.195283125140480240e-01
1.187755712793785723e-01
