1.365887652125414090e-02
7.784494067326421796e-01
7.669470743355710773e-01
-5.169417956158958161e-01
-2.378505448463863470e-02
-1.479016535977040192e-03
-4.569378361532594468e-03
4.611244176509834980e-03
-1.164964453374461861e-02
-1.491949334922426651e-02
-1.168923844263761280e+00
-8.025818378642547435e-01
-1.163009619598097677e+00
-7.811088044615762671e-01
4.791975913024679734e-01
-7.662695467473650268e-01
-7.578575761758494789e-01
5.352119163136598301e-01
2.579428647214822984e-02
-3.417160952153183370e-03
1.264673580847769652e-01
-3.473766469737939178e-04
1.208792503533693552e-01
9.623324358633396358e-03
-1.395914982878923224e-02
-1.182913152366871223e-02
-1.175014104976247920e+00
-7.924112098664871651e-01
-1.172190242136139871e+00
-7.740285382893642430e-01
4.954584800127223576e-01
-9.005268683560774257e-03
6.553540053454008640e-03
1.128555849029615060e-01
9.729677616594673006e-02
