2.925171424107599755e-02
7.740632162556250195e-01
7.676630521968474952e-01
-4.979481963223912899e-01
-3.069703914843091574e-02
-2.369702999204537086e-02
-1.379659874381733431e-02
4.806090410144903124e-04
-1.397764551398938959e-02
-3.649580830006327048e-03
-1.144481644252728580e+00
-8.042208966490673738e-01
-1.154073479953774628e+00
-7.954613140101154389e-01
4.599860069320640399e-01
-7.685085320065944137e-01
-7.522079366995888527e-01
5.276805196044817015e-01
4.597110787551744737e-02
2.750583228771232014e-03
1.275297683252874237e-01
5.393587549884226728e-04
1.115377685654639212e-01
2.898777335162909530e-03
-7.265150241896292660e-03
-1.355001207823436360e-02
-1.168659283285788497e+00
-8.139402811271233551e-01
-1.168350687738606508e+00
-7.952802672399433837e-01
4.744442614870679753e-01
-1.324141653105226357e-02
5.110001808945720606e-03
1.197252593284027222e-01
1.013738409884047259e-01
