3.738534198408979825e-02
7.937094192872403697e-01
7.779659192919573529e-01
-4.776850504030895062e-01
5.984008750842151336e-03
-3.907938039153346921e-03
-1.307807599808352705e-02
7.149536646814502738e-03
2.334988244324653905e-04
-2.083225182797621144e-02
-1.172341673169321918e+00
-7.864453779858728844e-01
-1.136582337124999897e+00
-7.751477107598623295e-01
4.808118789366465085e-01
-7.602320153423040017e-01
-7.536586533059511650e-01
5.222199290339938349e-01
3.163483205768018863e-02
-5.088751832693232807e-03
9.905279652100786036e-02
1.280032550525444200e-03
1.190686325700470033e-01
-3.165800218747175619e-03
-2.857180217285078781e-03
-1.166211386904603131e-02
-1.183399147855289879e+00
-7.905868148494588077e-01
-1.156809949769898038e+00
-7.884592855823784330e-01
4.877279167590284903e-01
1.492708421634592053e-02
-9.534584601965850892e-03
9.491558375319734953e-02
1.193772525715090932e-01
