1.995769589691149398e-02
7.736090382437755819e-01
7.695954394515569508e-01
-4.974133307778590418e-01
-2.881827299708905610e-02
1.575032122046460259e-03
-6.018628586645258238e-03
-1.261315238913773840e-02
-1.646134019179223973e-02
-7.664436696219745215e-03
-1.158846188943194466e+00
-7.993322638081638010e-01
-1.147896968967286213e+00
-7.920933579459691343e-01
4.774271834468530873e-01
-7.520763102248175791e-01
-7.556563721412906665e-01
5.047578742856327905e-01
3.231462870220839362e-02
-3.650837904001216425e-03
1.121761800784401991e-01
3.095047432700913804e-03
1.191118012621298766e-01
6.320354502676999234e-03
8.832125666083077281e-03
-7.077598752802671811e-05
-1.144658004432010268e+00
-7.812958914943251010e-01
-1.141302445164793733e+00
-7.816506463408221528e-01
4.812753712495074776e-01
3.284783279688452406e-03
-4.255308340251305610e-04
1.179132583118223526e-01
1.216235724255359252e-01
