3.173368005843904549e-02
7.863051798050664232e-01
7.819493696724517662e-01
-4.879768164389597374e-01
-2.700381340039026412e-02
-3.157765927566558162e-02
-1.455776817338749751e-02
-9.673643837219830788e-03
-2.980688674407871996e-02
-6.737717015542710186e-03
-1.154233966752727270e+00
-8.133317394410291001e-01
-1.141774002965117774e+00
-8.010213381995450188e-01
4.619033572397529541e-01
-7.861491590222928760e-01
-7.647734577874001349e-01
5.100368526601789521e-01
2.893060671475061046e-02
-2.381906882927947375e-03
1.200480294912990020e-01
-2.274623557227059556e-05
1.281521831462937300e-01
7.931844873296976794e-03
9.303542011835069098e-04
-2.375760811782079429e-02
-1.176137982191172826e+00
-8.151025119726158508e-01
-1.146658127301285246e+00
-7.857722196288536853e-01
4.820366001466118711e-01
5.722246772066758025e-03
5.572684225941298281e-03
1.210011299280547709e-01
1.211506924741802410e-01
