-1.432038111287490395e-02
7.559721674084316501e-01
7.641287321734296922e-01
-5.060858631385679596e-01
-3.653750479975215182e-02
-1.182919499639534244e-02
-6.816143633947557845e-03
-8.350756511764409473e-03
-2.924103499415620089e-02
6.263213478076457008e-03
-1.143021307965768507e+00
-7.951762535148658717e-01
-1.149488992910755236e+00
-8.002476440035848348e-01
4.688464019637162972e-01
-7.821217435177019173e-01
-7.852652569202521748e-01
4.834147255139286115e-01
-7.023911307278984245e-03
-1.893351286921494958e-03
1.190367225812310331e-01
-2.666581306682062891e-03
1.207256024012421519e-01
4.185929695970092013e-04
-7.019563750995244655e-04
1.250162115628672410e-03
-1.146499746450399648e+00
-7.777644135171050133e-01
-1.147954380032938593e+00
-7.778227526433761918e-01
4.897366804461080747e-01
-2.044714669103553373e-04
1.191822989357577134e-03
1.210013475128135507e-01
1.196050530565456183e-01
