1.947174601529599175e-02
7.798751623874770056e-01
7.781871512784551692e-01
-5.078909133205771198e-01
-4.228228982478499098e-02
3.750803470800923023e-03
-3.043938548898506014e-03
-1.811913206840869150e-02
-1.230072831837591973e-02
-8.449806013775873481e-03
-1.174657307050066324e+00
-8.240296640197855016e-01
-1.171653965465145664e+00
-8.101994573120607779e-01
4.634538512929316512e-01
-7.566526129013801949e-01
-7.617593438120577876e-01
5.092435272674644686e-01
4.945330752170511851e-02
-6.761794904754035371e-03
1.131087686579877183e-01
-1.872211807523557064e-03
1.144240991338866809e-01
1.026998379117948119e-02
-2.154772202860371841e-03
-1.655063994076444445e-03
-1.152787371510856751e+00
-8.079781322306087699e-01
-1.156578771945635520e+00
-8.009426675425834752e-01
4.576354475428988655e-01
-5.446464428855074535e-03
5.380400693949002888e-03
1.128262082626508844e-01
1.019993431398468209e-01
