3.669273459997056397e-02
7.952120795003236875e-01
7.838670130677943826e-01
-4.951366544011602810e-01
-1.349070696399135016e-02
-1.855241795088846679e-02
-1.028534541272718705e-02
-8.322988362730626699e-03
-2.022237240289037619e-02
-7.376838039378386114e-03
-1.184253890041496948e+00
-8.021159804300075358e-01
-1.170542178523988897e+00
-7.923162677345303440e-01
4.837537777013395934e-01
-7.770717628512416875e-01
-7.574596238805511028e-01
5.235064006384002600e-01
2.996106916107160040e-02
3.968228393150796500e-03
1.060948438599871035e-01
6.586806034307600768e-03
1.084614889449657948e-01
5.041452297255487672e-03
2.107830264170678595e-03
-1.564391057753966585e-02
-1.194483319629654927e+00
-8.004460259780057374e-01
-1.172504535573985596e+00
-7.823792407443672658e-01
4.956531617414993152e-01
6.334873478129471325e-03
2.422874656098684271e-03
1.016158680898501809e-01
1.055278669118809715e-01
