-6.481316033076027772e-01
3.346932749203277487e-03
-1.437108676037339938e+00
-1.425945465562687087e+00
-1.338062445635545272e-01
-6.252944003159496278e-01
6.560894244049897406e-01
-1.494485485906347534e-02
-1.511665283421750536e-02
1.873771527627007133e-02
-3.350761281053501930e-03
-1.451270705526758853e+00
-1.452652354463602302e+00
-1.453562826489318560e-01
-6.478409395579617369e-01
-2.831705450149501341e-03
1.554841282017916659e-01
1.913596578925896158e-02
1.598749518459125774e-01
1.643461320136896039e-02
-1.349524725531906985e-02
