-6.451736530049390073e-01
1.510346904838862428e-02
-1.445125025088032089e+00
-1.424003265722107114e+00
-1.294159256249642342e-01
-6.342998567504202212e-01
6.599532733499423598e-01
-1.186846042517120635e-02
-1.290550362230102020e-02
2.031269474567436520e-02
1.023806466679400527e-02
-1.468329990290521136e+00
-1.447133807295415187e+00
-1.279858590993252498e-01
-6.309644006377300718e-01
3.486233252541845549e-03
1.573938649944608970e-01
2.277632772710950007e-02
1.435775924255188463e-01
2.527865712910581583e-02
-1.692359003128901876e-02
