-6.324590568387949974e-01
-7.306432682409900797e-04
-1.432421033273744371e+00
-1.427852300631539562e+00
-1.214867984141552032e-01
-6.273262954381890744e-01
6.572454883292916383e-01
-1.668662744347152241e-02
-1.841380783766451146e-02
1.897212085940218687e-02
-5.583310528815974699e-03
-1.450191092857848973e+00
-1.448008211012449697e+00
-1.353863422003909744e-01
-6.213018638510915403e-01
4.545440808259816265e-03
1.370716135263005953e-01
1.553450067224530599e-02
1.491649315205475224e-01
2.058605778829149593e-02
-2.663461333219455107e-02
