-6.399210443499723233e-01
1.852327497191156485e-03
-1.431029367726905921e+00
-1.424791405895900809e+00
-1.209715893364530781e-01
-6.108858227892018933e-01
6.617310677440749744e-01
-1.749928513315804693e-02
-1.527492209437151909e-02
2.153612423566016523e-02
2.169485636813388665e-04
-1.431306663102050569e+00
-1.432662361979737176e+00
-1.354370692227819806e-01
-6.291994904781852416e-01
-1.426474865214689015e-03
1.512115894472584043e-01
2.081128112954029954e-02
1.559228475921615453e-01
2.181222516072985756e-02
-1.248705000589574871e-02
