-6.454026755291124573e-01
8.472788332169250633e-03
-1.439126715432776038e+00
-1.433078399777687473e+00
-1.119382092488532404e-01
-5.951140782204120683e-01
6.733472098765777014e-01
-1.384887751618661504e-02
-9.488572970119820219e-03
2.557355295968216299e-02
8.006307483915347731e-03
-1.443848700294144471e+00
-1.444595126658755335e+00
-1.385301296494311774e-01
-6.158875948709572334e-01
-2.401490358687242282e-03
1.525311991338564876e-01
1.998297319257840571e-02
1.494862250636886658e-01
2.776486424521465088e-02
-1.972201767862718710e-02
