-6.473763327690712499e-01
-5.686439080854573634e-03
-1.427905784791982713e+00
-1.421124995295774962e+00
-1.395810607717577478e-01
-6.346564190351257073e-01
6.666057030963433716e-01
-2.192798993202994817e-02
-1.666270588900715249e-02
4.082353565868865157e-03
-3.602043443156298201e-03
-1.441938527091767508e+00
-1.439834527260158481e+00
-1.403107087004512865e-01
-6.125435194939725658e-01
-1.575018401680870284e-03
1.294977587346417269e-01
-3.757827241778306728e-04
1.298356475408840027e-01
1.807100110171944510e-02
-1.741635969631242023e-02
