-6.415419079097760546e-01
-1.018150871793022756e-03
-1.447968505767175840e+00
-1.425000558795163963e+00
-1.400231830189882787e-01
-6.198742019601580777e-01
6.578665835422106145e-01
-1.536965429013074404e-02
-1.466039319943454773e-02
2.067802921244231429e-02
3.788739841671207725e-03
-1.456140540586369436e+00
-1.459630441307624649e+00
-1.422702688142172267e-01
-6.354720632870732855e-01
-2.424079102467912618e-03
1.484680568489122332e-01
1.807380340080163780e-02
1.448769736661886798e-01
1.991469959702694623e-02
-1.384283873882829682e-02
