-6.612371423415905891e-01
-5.233897484537833653e-05
-1.446751246917526323e+00
-1.445950696476782982e+00
-1.413783262242558347e-01
-6.155165047746919971e-01
6.809844947345956578e-01
-1.572470919971253808e-02
-9.386433156775562600e-03
2.370846954270149770e-02
8.291144695179374427e-03
-1.465677248066174165e+00
-1.454018287501236406e+00
-1.414667511492403718e-01
-6.314095355315685332e-01
1.572558225132843516e-03
1.485276750390811806e-01
2.559131343559118907e-02
1.508788854656341882e-01
2.174410231861394899e-02
-1.807371805420451144e-02
