-6.306690263535310592e-01
-1.909854704193177728e-04
-1.428882960097578314e+00
-1.421084739710945399e+00
-1.270709308268354876e-01
-6.012195093157364223e-01
6.622117209415507855e-01
-1.190875393898082994e-02
-8.466343684962586089e-03
1.562127908773581000e-02
2.445703637404325961e-03
-1.460269633902824493e+00
-1.435451522413913494e+00
-1.365535891936359991e-01
-6.308354105893958508e-01
1.060503371090296262e-03
1.475780625180156402e-01
1.433171134081288531e-02
1.522398059189921105e-01
1.884389219566388884e-02
-1.224522124914797713e-02
