-6.238219664813099419e-01
4.433329184020301343e-03
-1.425073414780556158e+00
-1.413450175132067832e+00
-1.098564341288130464e-01
-6.067932055875875363e-01
6.649480302653008046e-01
-6.039368798922532984e-03
-5.761195582963491921e-03
1.882887795133659017e-02
3.538053929731008098e-03
-1.448059161915465021e+00
-1.428168849728815415e+00
-1.226127516755639718e-01
-6.314489071744981974e-01
4.246401609109837563e-03
1.309630906102462189e-01
1.616422876296114142e-02
1.330515624792658613e-01
1.434070180994998812e-02
-1.318299375743490348e-02
