-6.537017434909893066e-01
5.197274601220920262e-03
-1.459121225273060984e+00
-1.434433827090407343e+00
-1.347796231570264347e-01
-6.222092139011672352e-01
6.651542017298821552e-01
-7.425761339009588971e-03
-1.286521694968129591e-02
2.785970955307540478e-02
8.846511316351061277e-03
-1.456143000474448668e+00
-1.447175709627466889e+00
-1.312411779066092465e-01
-6.191260715054272001e-01
5.542879341092559267e-03
1.620957020684656302e-01
1.737665814093613051e-02
1.481151327360716585e-01
2.672235491182596220e-02
-8.721252976701746040e-03
