-6.525955467477136951e-01
1.922435133401687729e-02
-1.420733608960979888e+00
-1.417997639844919222e+00
-1.062180228512158570e-01
-5.903863067157051336e-01
6.574995169688556684e-01
-1.216589480483451849e-02
-1.273360923775886805e-03
4.029166075792990631e-02
2.567173523225642004e-02
-1.451787155291392128e+00
-1.444038134812883678e+00
-1.337931306969971368e-01
-6.388516930438782326e-01
8.999182594137136726e-03
1.714942781439954544e-01
3.517104873040887564e-02
1.622906240829479485e-01
2.736368912562931605e-02
-1.532188190077301074e-02
