-6.202650096617091657e-01
4.191200628432737016e-04
-1.424773877130274258e+00
-1.398989032982137060e+00
-1.225813225183337157e-01
-6.012769821478752830e-01
6.375037944702113268e-01
-6.477319866986795335e-03
-8.072983876542901352e-03
5.527388387808784050e-04
-2.220133854929004762e-03
-1.416705029093375368e+00
-1.412102691338792626e+00
-1.223835273709658750e-01
-6.339800230910547230e-01
-5.258481645463731688e-03
1.298730907454185568e-01
9.743661317693720972e-03
1.273805591532909676e-01
3.270445109067133226e-03
-7.312169031798338575e-03
