-6.369713216125441058e-01
-1.103966777060595358e-02
-1.441609965723290365e+00
-1.434349289260886895e+00
-1.442885884251823014e-01
-6.237506227425363425e-01
6.583967112358763973e-01
-1.395739125613471368e-02
-1.674637891596587880e-02
6.946664963172501789e-03
-3.729408689610349756e-03
-1.438588734692026305e+00
-1.433990940652514867e+00
-1.378683372841876531e-01
-6.320543920144598982e-01
-6.592715686867551411e-03
1.389938195348978389e-01
4.113469637122111494e-04
1.267160937987789615e-01
8.499513039509437595e-03
-4.929077290150296609e-03
