-6.286362797547406789e-01
-1.037282014841482041e-03
-1.427689919831858667e+00
-1.418723660498563133e+00
-1.132771651115204586e-01
-5.997245612923731706e-01
6.542576677116638262e-01
-1.009552149423270824e-02
-8.708976627318473426e-03
1.688750072334051916e-02
-3.184276474290355461e-03
-1.426122190436226678e+00
-1.412772838128197428e+00
-1.200644643050150784e-01
-6.158109169674581551e-01
-3.450413046430410237e-04
1.268553781509538236e-01
1.135347008262716124e-02
1.367913098085501433e-01
1.317507836090503134e-02
-1.320742400110931636e-02
