-6.268387176406037264e-01
-5.363162341281335101e-03
-1.426651515262684855e+00
-1.420689847342475165e+00
-1.163340014524868460e-01
-6.072881040724196211e-01
6.482026671117580019e-01
-9.325294004872209871e-03
-1.037958694488278107e-02
2.687383357197073355e-03
-4.024870677870903343e-03
-1.443518415002511768e+00
-1.422549752210295892e+00
-1.243226214814169978e-01
-6.304310772980864508e-01
1.353400597965450421e-03
1.307514419832214725e-01
8.766184064792638050e-03
1.359331694843254890e-01
1.832060870691622212e-02
-1.185982916393578043e-02
