-6.418361777509695720e-01
-2.550082066960856955e-03
-1.433741326027455187e+00
-1.429419105586314354e+00
-1.406076033405027348e-01
-6.210807401444586873e-01
6.685378099250847139e-01
-1.784193202086063051e-02
-1.991987563849731413e-02
3.280378088075621042e-03
-9.941601541919978940e-03
-1.454888273952539723e+00
-1.440665622263170853e+00
-1.375769122325273819e-01
-6.325083035914872420e-01
6.726396111345499165e-04
1.486520784342236778e-01
8.439689233929074247e-03
1.347380222920368520e-01
1.287705143174024472e-02
-2.048712987189189177e-02
