-6.336579534480336617e-01
-4.964332287459504237e-03
-1.433536366955307395e+00
-1.436659178378047130e+00
-1.399954386516598648e-01
-6.133909796950425264e-01
6.539962586023204683e-01
-2.241055617731355781e-02
-1.188961407014585761e-02
1.996660199551875473e-02
2.427706559126816422e-03
-1.440656322185581040e+00
-1.436355361567168254e+00
-1.301404154503914279e-01
-6.219492982674948989e-01
4.040035980715821684e-04
1.394573036779578612e-01
2.041463961486078213e-02
1.534121787692742378e-01
2.221322148916306249e-02
-2.479503913422466052e-02
