-6.571369253886365502e-01
1.066547265160118193e-03
-1.459055257697930541e+00
-1.456583374976938128e+00
-1.412081809078554184e-01
-6.303559188102124677e-01
6.824559396031737446e-01
-2.662423800891459968e-02
-2.458521043826119787e-02
2.259238457034090999e-02
-5.683479510106077999e-03
-1.468272365841176486e+00
-1.453914121217025679e+00
-1.515508813330755655e-01
-6.498577580095565853e-01
-3.335408429761994430e-03
1.536271133472345285e-01
1.649792812312352377e-02
1.539810864715985272e-01
1.489737477586695717e-02
-2.669532301138044864e-02
