-6.339231861347823793e-01
-7.360890513962463008e-03
-1.446196365600045830e+00
-1.427785103614315210e+00
-1.481140659721719988e-01
-6.444885536627438238e-01
6.639476376049097128e-01
-1.856376017802310180e-02
-1.589599818757547398e-02
8.124069759520884809e-03
-4.581358777119344354e-03
-1.442743413125236795e+00
-1.433502289098436355e+00
-1.336036388113950313e-01
-6.368941643243488659e-01
-2.420989842245603683e-03
1.257406264585518574e-01
1.526243395142920165e-02
1.430887005171433690e-01
8.148839191708954002e-03
-1.556260875392530794e-02
