-6.357897760215955874e-01
-5.228069845507386446e-03
-1.433310505427039194e+00
-1.427702214573366879e+00
-1.244832629837063637e-01
-6.217267345731954942e-01
6.456510403653633601e-01
-2.144606671917617668e-02
-2.085561137096032455e-02
1.795736780505993377e-02
-6.519219947099672702e-03
-1.420273721683125379e+00
-1.441216627114112914e+00
-1.347595493412750145e-01
-6.276910975556038164e-01
-4.657498131403333026e-03
1.433471665201754008e-01
1.249331182144751591e-02
1.404138728578129547e-01
1.604036882462019781e-02
-1.183708527056044797e-02
