-6.326523312676778366e-01
-4.902079847325705418e-04
-1.424879682587590901e+00
-1.423742017803528048e+00
-1.219774490964735947e-01
-6.251436591397598885e-01
6.743892082380347208e-01
-8.231766247368521236e-03
-1.130723991784014087e-02
1.089292266216223583e-02
3.888267003845238736e-03
-1.422851484742191586e+00
-1.433674272927224713e+00
-1.376382562325930148e-01
-6.279425236630240548e-01
3.573846657192042420e-03
1.404453154155905770e-01
2.067677356317180679e-02
1.386600800025397651e-01
1.211270055962943709e-02
-1.327037167280230821e-02
