-6.514263364902415088e-01
1.042473531861914590e-02
-1.438393299498232247e+00
-1.417248958592866481e+00
-1.143364566065662030e-01
-6.149863344484608474e-01
6.755099483301147956e-01
-8.517556275348541622e-03
1.124452232946141069e-03
2.014808426777945499e-02
1.265494755714200587e-02
-1.450297051352828381e+00
-1.432243072273018170e+00
-1.201499477486755174e-01
-6.370607143008245599e-01
6.224847556141499538e-03
1.551329986279049444e-01
2.082512718551675357e-02
1.399028823882026706e-01
2.115381968282926267e-02
-2.145228653942668137e-02
