-6.361843069142558704e-01
-4.111623460440966618e-03
-1.430259442736344422e+00
-1.422973788914938087e+00
-1.435061992769658401e-01
-6.238158259682168305e-01
6.458987650161918115e-01
-1.035619975872642887e-02
-1.726095495794061074e-02
6.652409828392259056e-03
-7.474957878912695183e-03
-1.434294812841929723e+00
-1.436383393056154700e+00
-1.429519339181050952e-01
-6.260412100316047335e-01
-3.145676180814175726e-03
1.282401404084143326e-01
8.961333723037933491e-03
1.364811377333025044e-01
5.979517983062919428e-03
-6.504897293700621919e-03
