-6.397919544913042156e-01
-6.391521995232705110e-03
-1.423842423405231594e+00
-1.427753360463096310e+00
-1.293825577501502566e-01
-6.249018245981301511e-01
6.605478339186925396e-01
-2.053223814481937998e-02
-1.294481990177439451e-02
1.458879951144242786e-02
-1.089462446987443309e-02
-1.428226645006025253e+00
-1.417778598541187707e+00
-1.451232949454883681e-01
-6.292117896999015469e-01
-3.354940722153206423e-03
1.370028150119861898e-01
1.068523624216342373e-02
1.502234921343810203e-01
4.915902912259009425e-03
-1.744073400104940996e-02
