-6.335343237244523973e-01
-8.945123091550953587e-03
-1.430409972585421796e+00
-1.419803034232742789e+00
-1.394633567694256449e-01
-6.139191855928269881e-01
6.538485357752895633e-01
-8.987966313131272658e-03
-1.649495343103502334e-02
1.876673071812318128e-02
-1.205933056147690495e-02
-1.427852319234992784e+00
-1.429009693052542884e+00
-1.352331172049968111e-01
-6.375228172230094081e-01
-2.188897571953570854e-03
1.403641210627412372e-01
4.079986013243456534e-03
1.351678974913966824e-01
1.939822244964598333e-02
-1.267189676426938583e-02
