-6.474582785861829892e-01
6.274594026403327966e-03
-1.427565621310873611e+00
-1.424294420167978137e+00
-1.323004766290209189e-01
-6.279795756647774674e-01
6.798679364855741980e-01
-1.619087868471396491e-02
-1.078596681629947693e-02
3.708678109373034215e-02
3.835326846970189309e-03
-1.444256761425126268e+00
-1.448811550959197003e+00
-1.358943007078221299e-01
-6.506335654745749597e-01
2.201469540691099267e-03
1.668891879105573739e-01
1.930871099357918744e-02
1.519655361349119271e-01
1.869286686886360502e-02
-2.537191994751639146e-02
