-6.413155667400063376e-01
2.490353855910087000e-03
-1.428871500221284174e+00
-1.427555857040591070e+00
-1.217577001987364405e-01
-6.133706987236636765e-01
6.541851009366388414e-01
-1.858170542315550761e-02
-1.588308316599486639e-02
2.876119859363881689e-02
1.719415389027944586e-03
-1.443463016322227066e+00
-1.414728808467248911e+00
-1.257989253950683450e-01
-6.228643574053231990e-01
1.424584579971875436e-03
1.523184080164396714e-01
1.712849108769081558e-02
1.492228463370761093e-01
1.478567064299671913e-02
-1.566160441470083528e-02
