-6.469036557136474963e-01
-5.364708531670563628e-03
-1.466118085398421034e+00
-1.452841483373231934e+00
-1.477110350358187552e-01
-6.461644230585014137e-01
6.683236956187492694e-01
-1.536611555593562703e-02
-2.713065351794202371e-02
2.001822075959400118e-03
-1.203462575484851721e-02
-1.447486675761944230e+00
-1.463919737056856407e+00
-1.438331329212403642e-01
-6.558375317810297700e-01
-3.119671922841649528e-03
1.346501502655336746e-01
5.682118817221210733e-03
1.398069508793619853e-01
8.561298596573974420e-03
-1.586929145561639248e-02
