-6.442821405521435008e-01
-1.246535478658359827e-02
-1.426026964886550896e+00
-1.436673647235379381e+00
-1.412116433113587421e-01
-6.356082509196350205e-01
6.714960626325566784e-01
-1.209234661898006026e-02
-1.773947650141486851e-02
3.452605879396602063e-03
-1.042873067447675287e-02
-1.436879841398639224e+00
-1.426888666823912910e+00
-1.370409902863406471e-01
-6.445005519560028651e-01
-5.811784488550991723e-03
1.336157166743656144e-01
3.631516829585906912e-03
1.338387897876889832e-01
7.682484728991667219e-03
-1.851546343253687027e-02
