-6.400916430250501721e-01
2.752700114128784400e-03
-1.425958452501742801e+00
-1.420343189290945052e+00
-1.209306664567057904e-01
-6.132864580820758249e-01
6.600539140074473954e-01
-1.103028216611657425e-02
-7.634297676279780398e-03
2.400680441635496751e-02
4.630487640995674045e-03
-1.446133303969780348e+00
-1.442399060390264109e+00
-1.276335127744751829e-01
-6.117923712836069727e-01
3.950176767782977508e-03
1.502906054860289886e-01
1.964506543744724484e-02
1.492084820525435840e-01
1.860489554479942409e-02
-1.963312608161349102e-02
