-6.428226726451572448e-01
8.488300451626430102e-04
-1.437347863844592899e+00
-1.428655147042817264e+00
-1.141077073016383003e-01
-6.185488510296064391e-01
6.589303266616707289e-01
-1.371751341335049161e-02
-1.350451310391296948e-02
1.965918415746302841e-02
5.491673575009673423e-03
-1.453825382932593113e+00
-1.452085830247758391e+00
-1.393940697825854225e-01
-6.407414610119043230e-01
1.057729395689776686e-06
1.509241695243724035e-01
1.597783460586064963e-02
1.504783513069975764e-01
2.268454186393755595e-02
-1.779072546242258315e-02
