-6.467119871670050646e-01
2.176940034408332558e-03
-1.446308223683237859e+00
-1.426618072216555566e+00
-1.205874978442326023e-01
-6.274664246035178694e-01
6.696351104600080095e-01
-7.535938063695062084e-03
-1.470889733188942942e-02
2.801026603857679348e-02
8.864547769671176150e-03
-1.456292742434911913e+00
-1.438938874155237135e+00
-1.291525224523475124e-01
-6.457504655863253173e-01
-2.136904091357053233e-03
1.474420967164635499e-01
1.819838403664803678e-02
1.536113226993742475e-01
1.672360932194111305e-02
-1.639069884543073799e-02
