-6.171871285278649477e-01
3.957415216638792560e-03
-1.397419385251364776e+00
-1.398766464585199820e+00
-1.205634317064488703e-01
-5.928864897761220165e-01
6.536689471215882952e-01
-1.043284147874531942e-02
-1.151810117482096260e-02
1.646521794567262081e-02
7.602139616073707619e-03
-1.422507100088610255e+00
-1.407289863085542603e+00
-1.340922986927320926e-01
-6.251233582469257755e-01
7.498301833254981258e-03
1.406915198582732174e-01
1.623570783301339637e-02
1.402736699743760418e-01
1.157634949738982691e-02
-1.829615542118936608e-02
