1.000000000000000000e+00
3.206870512580843879e-01
-2.413544094376980087e-01
9.298694501971223048e-01
1.404532245820443344e-02
5.384734116261575415e-02
-4.262195601565502145e-01
6.195636335958614599e-02
-4.190300700529964173e-01
5.542199864960845046e-01
-7.212802117070150898e-02
2.924758838253411763e-01
-2.151807017839905689e-01
2.795338190924996358e-01
2.169266418271602881e-01
8.890674924119853495e-01
-1.055235782326622435e-02
8.700506170780227810e-01
-1.122906480503044029e-02
7.274519396933674109e-01
1.477854181859851283e-02
8.672830699151445888e-01
8.879610403948284131e-03
4.120527110217605399e-02
-4.007263452452384245e-01
5.214400781867186557e-02
-4.195121851126614732e-01
6.284933838616404422e-01
-8.088036572755886999e-02
3.227138860383826358e-01
-2.357724587244572623e-01
9.815536772617921013e-01
3.421938932048576142e-03
5.335878750962372852e-01
8.468390219622680404e-02
8.080969285133758895e-01
1.840866382211283139e-02
5.954144925696156498e-01
8.608049669272629933e-02
8.617088459906219189e-01
2.178748347090907547e-02
8.957702866539455355e-01
-1.516109654045085485e-02
3.056633554743728824e-04
