1.000000000000000000e+00
3.193984203531468613e-01
-2.404991677349769819e-01
9.360320021913376420e-01
7.930990811310585295e-03
5.610422887456355950e-02
-4.236332797272263084e-01
5.759378562400749302e-02
-4.155538306631734180e-01
5.594612666353366848e-01
-6.288797753947970859e-02
3.050879697652666978e-01
-2.065408650504070298e-01
2.784620699327329807e-01
2.221338778035682193e-01
8.902790579878968602e-01
-1.233015391190791891e-02
8.718149268151536013e-01
-8.272527817894661725e-03
7.173635919280622053e-01
1.834953622327600842e-02
8.621700407603202221e-01
6.902945945530151312e-03
5.163180056018124020e-02
-4.045301409675721160e-01
5.277007694266673543e-02
-4.159201905953134326e-01
6.360279831401008943e-01
-8.867702101062212294e-02
3.220654701904611117e-01
-2.279317839092167841e-01
9.770875210158855850e-01
-2.346470772135954373e-03
5.371727466833755571e-01
8.257700447570288926e-02
8.054879135965021808e-01
1.609818621309819231e-02
5.915128646393692513e-01
8.908760366312636070e-02
8.648566166525413212e-01
2.401879880222867331e-02
8.949734171653368486e-01
-1.765297036915998777e-02
3.713510362247553621e-04
