1.000000000000000000e+00
3.216988112332325733e-01
-2.358647244279391819e-01
9.443712380542942375e-01
-4.629383585279582764e-04
6.277213379550780625e-02
-4.271342223116731951e-01
6.080777146884995543e-02
-4.105205525188916349e-01
5.495825489777156347e-01
-6.737113639119422792e-02
2.972722788168359331e-01
-2.145422666258210709e-01
2.800351561392400712e-01
2.238666338205078099e-01
8.920441938154715089e-01
-7.343265151278436688e-03
8.690864648458838104e-01
-9.827387993485290490e-03
7.239373645307437544e-01
7.886105637180416961e-03
8.601366284893362524e-01
3.344457725899579494e-03
5.908685543930922851e-02
-3.964662299176987537e-01
5.767541920145863310e-02
-4.179742337731252588e-01
6.212051283214780062e-01
-8.604563591515407284e-02
3.221490192880978043e-01
-2.338699427678102294e-01
9.845050585012677935e-01
3.518485092135624666e-03
5.397612805583991147e-01
7.630933530720296343e-02
8.086876897782588891e-01
1.672343556383212859e-02
5.895279408106630648e-01
8.227193889273508309e-02
8.642209210832090260e-01
1.046856121321756809e-02
8.918574517572654958e-01
-1.183597465475271122e-02
5.367790734952026859e-04
