1.000000000000000000e+00
3.174133360205382837e-01
-2.377236970207581290e-01
9.355435369837283854e-01
7.941176534734102578e-04
5.799747233750004310e-02
-4.320228132451924830e-01
5.980869532835451918e-02
-4.179320723745010291e-01
5.561985014017944984e-01
-6.374343484227062984e-02
2.989430569631649215e-01
-2.127639085515263540e-01
2.828394668104973197e-01
2.190287207304225658e-01
9.007147904142026595e-01
-1.235634226052476602e-02
8.636790610284476033e-01
-1.166427428437584110e-02
7.272017075301624445e-01
1.429803432030457566e-02
8.588454619947736290e-01
4.716546343369743509e-03
4.720335244562579718e-02
-4.017055205279779773e-01
5.057936162699336324e-02
-4.240698875810853252e-01
6.287670179125126602e-01
-8.821851781703476947e-02
3.227841000329858545e-01
-2.406991174841170145e-01
9.856355028118128914e-01
1.042535644759916765e-06
5.373333718936315062e-01
8.171799752806181705e-02
8.134187189266088858e-01
1.299777584773773899e-02
5.877904295084633857e-01
8.912344832314948728e-02
8.586662502867733471e-01
1.948179231812932968e-02
8.990412332776503979e-01
-1.599628345701131771e-02
2.270735592226433980e-04
