1.000000000000000000e+00
3.224343869941548868e-01
-2.422195076681421810e-01
9.335249369485641990e-01
-1.163732230281101267e-02
6.160105828013080764e-02
-4.225348964558874321e-01
5.609625357630483589e-02
-4.157349065399612575e-01
5.539484374542571476e-01
-7.874809779877831040e-02
2.939840400243174390e-01
-2.168837067222693094e-01
2.788201267101449998e-01
2.215761680467620842e-01
8.967336149970613901e-01
-1.084414226360169362e-02
8.704026130701969510e-01
-1.544210655580580301e-02
7.230181874798137232e-01
2.496306764075770322e-03
8.651158866818786652e-01
-9.022387673674523920e-03
5.405125892883194672e-02
-4.012034824097262531e-01
6.037603243737199588e-02
-4.166468400131860816e-01
6.289816694667880181e-01
-8.673995074591617227e-02
3.169250335247635886e-01
-2.381890661915661289e-01
9.888131986168819942e-01
-5.746833913236287610e-03
5.408636779935560579e-01
7.270105160667685029e-02
8.098320140314699822e-01
2.940931516355213288e-03
5.955091655941331386e-01
8.018155805277672743e-02
8.654275326767731924e-01
6.648764608982170830e-03
8.965147003667360837e-01
-1.660128229180060644e-02
4.800889350037393518e-04
