1.000000000000000000e+00
3.204333679745894337e-01
-2.355636366467754872e-01
9.321721499697280811e-01
-6.861741065779985820e-03
5.359521444707499027e-02
-4.279099970981415924e-01
5.941290864275698691e-02
-4.126061733152836530e-01
5.503012661113253490e-01
-8.210866519089331239e-02
2.929015027304428531e-01
-2.201283747566548377e-01
2.852503039753764291e-01
2.231940542230160807e-01
8.958088121294933703e-01
-1.663149047463124627e-02
8.669112729759905767e-01
-1.378158083285621789e-02
7.259772650947670103e-01
5.898019703462087197e-03
8.665868617796033124e-01
-3.970173101842740422e-03
5.171962366750353784e-02
-4.016825622895105474e-01
5.877410941719896781e-02
-4.253961423048771562e-01
6.300180436467311962e-01
-8.467713073808701141e-02
3.222849474176053275e-01
-2.384030070679791224e-01
9.877439160780464578e-01
-2.391322659566937504e-03
5.456668939278997987e-01
6.897640268205119940e-02
8.069321408974615695e-01
1.231670487742300701e-02
5.953758322778899270e-01
8.577777023527316524e-02
8.646247359050837078e-01
7.045843891174662262e-03
8.935445068667573487e-01
-1.390700631754548423e-02
6.406514923896333008e-04
