1.000000000000000000e+00
3.181970866812809384e-01
-2.409580576099649707e-01
9.348725340206703871e-01
3.128967183973684670e-03
5.667376787698153590e-02
-4.213981824820611233e-01
6.038415025056829977e-02
-4.139515337506109449e-01
5.618287303885554085e-01
-7.562808335946596960e-02
2.944572319976967445e-01
-2.125781524445876924e-01
2.840486868248377483e-01
2.186770897536186864e-01
8.958144611170222316e-01
-1.338881390822106200e-02
8.657224713618513201e-01
-1.308782297895115521e-02
7.259714787962240345e-01
1.360463911086082570e-02
8.630160910574905531e-01
-2.891771725402878836e-03
4.888689664780938166e-02
-4.070580734159263692e-01
4.970578658162080193e-02
-4.187628508940776650e-01
6.310453819377429552e-01
-9.237792995255700301e-02
3.203655653016925231e-01
-2.424536759369147199e-01
9.800470096418458787e-01
-2.775211876339890062e-03
5.452192875615471390e-01
8.546275444187875769e-02
8.103845660331798761e-01
1.550938448025484910e-02
5.896035230599306898e-01
9.507425114864355431e-02
8.598732677903705435e-01
1.413295700203673344e-02
8.903134329148509885e-01
-1.201572936245447025e-02
3.925845251346774629e-04
