1.000000000000000000e+00
3.244702093644217245e-01
-2.358989654836782801e-01
9.410115934939972115e-01
-9.760947517663494171e-04
6.126025368135477184e-02
-4.251486074474582488e-01
6.406332770085307327e-02
-4.180154218549281819e-01
5.595327651888426512e-01
-6.365478533457459565e-02
2.935610140301622706e-01
-2.007172144208869413e-01
2.856126446944913244e-01
2.190490398413980355e-01
9.033536724509780846e-01
-9.120136259302228168e-03
8.729226451206602011e-01
-7.602455120749183372e-03
7.216186301971181383e-01
1.218749373581511086e-02
8.666004430707248130e-01
-2.759504730259395352e-03
5.874967730515276432e-02
-4.032456450438742235e-01
6.760366388536236115e-02
-4.242407602059745098e-01
6.347129630294018332e-01
-7.657477995221424749e-02
3.303183682914450636e-01
-2.337345028943723091e-01
9.889901961365746841e-01
-3.412424810961783134e-04
5.420449383685262967e-01
6.913254767827582692e-02
8.090244389832337291e-01
9.185629447308777534e-03
5.933135525120403209e-01
8.167017492466302486e-02
8.625152832774019007e-01
1.136436400455806232e-02
8.998361018437516234e-01
-1.188520800616681139e-02
3.880339059787286460e-04
