1.000000000000000000e+00
3.203209327256815175e-01
-2.385386027934921216e-01
9.326327600030842602e-01
2.567264789265401824e-03
6.269305410699313463e-02
-4.298188456736169449e-01
6.277860171097768283e-02
-4.141103191616718471e-01
5.565863218211603014e-01
-6.763839648078730227e-02
2.974710024080828297e-01
-2.093666341581418844e-01
2.813477644165099378e-01
2.183796884118779091e-01
8.971158308140305682e-01
-9.895842085708393687e-03
8.646998936729951568e-01
-6.601504640179061030e-03
7.271611759683473952e-01
1.746017051343062843e-02
8.594307899417019669e-01
3.979612093996058760e-03
4.997822678997177609e-02
-3.988276181045297131e-01
5.515653663854392513e-02
-4.272139398399426025e-01
6.388625536304470831e-01
-8.198594840903813963e-02
3.288523855539597918e-01
-2.307195892096154943e-01
9.849015805521451616e-01
3.890555578013053621e-03
5.420542076749756966e-01
8.208461002284553332e-02
8.023175467281188356e-01
1.576360863504532375e-02
5.967789356455952543e-01
8.971122141639351066e-02
8.669488036008107246e-01
1.613135322366620814e-02
8.966325370661121230e-01
-1.760596183646429697e-02
4.918050867386766778e-04
