1.000000000000000000e+00
3.152016914081510746e-01
-2.452550130685835494e-01
9.412465181198745867e-01
-4.926387788016003125e-05
5.345093009102419579e-02
-4.286868567539457997e-01
5.187587470117172722e-02
-4.133590753271954576e-01
5.563234592864892969e-01
-7.918033152133500951e-02
2.949156321807312464e-01
-2.085531214359989671e-01
2.767872724523016692e-01
2.242782251446546748e-01
8.970064333953750024e-01
-1.410632800860144725e-02
8.734061068975581543e-01
-8.198408816478843647e-03
7.330933367994670879e-01
1.738377826102172757e-02
8.628184609291599250e-01
7.153916633408897129e-03
4.225360199839165581e-02
-4.004777566871026151e-01
4.959024357760211804e-02
-4.227217388276758858e-01
6.284595656658060747e-01
-8.950400762945424915e-02
3.226934643338854602e-01
-2.359779238490243014e-01
9.881147712634009705e-01
1.553869291800580484e-03
5.423379605866435194e-01
8.114981015964520261e-02
8.069669543361526198e-01
2.065585373584908485e-02
5.896949083784591705e-01
8.965385175641293891e-02
8.636657763307750146e-01
1.878259727773788981e-02
8.959062831682320649e-01
-1.619412092335803174e-02
4.712202180601412918e-04
