1.000000000000000000e+00
3.232576468625045774e-01
-2.369115900306039968e-01
9.374758144779303803e-01
-6.849605148733892319e-04
5.913355960206210377e-02
-4.246108616771330224e-01
5.885556923029167803e-02
-4.089303939423686307e-01
5.570198999128017636e-01
-6.800545909413821533e-02
2.940232253745784230e-01
-2.131749590239349901e-01
2.881540444193079198e-01
2.223686651240357470e-01
8.996644921618489610e-01
-1.501375972547216130e-02
8.738694963068925903e-01
-1.609308390627786287e-02
7.262694413552619466e-01
1.378052505124719752e-02
8.645032219393123940e-01
-4.826840097622313655e-03
4.844113122530803450e-02
-3.997010144543860499e-01
5.154011423940308562e-02
-4.176367647997629717e-01
6.303244176296316503e-01
-8.586256433204556004e-02
3.224206775931349189e-01
-2.308132945718590068e-01
9.810780195231804113e-01
4.459462778437621629e-03
5.406857623611313057e-01
7.458034339219164754e-02
8.038772907525647549e-01
1.248883693476440966e-02
5.883126542202942177e-01
8.841232144668202675e-02
8.613312714361134326e-01
1.773392052717813125e-02
8.901370546882632073e-01
-2.371406413596948565e-02
4.443146688036005154e-04
