1.000000000000000000e+00
3.243752680907920904e-01
-2.424386551040933202e-01
9.427575788054659567e-01
-2.404114406458903591e-03
5.891493657157503838e-02
-4.271685525815780426e-01
5.835016199989741942e-02
-4.099732911555101222e-01
5.549407707707714188e-01
-7.854721451237334229e-02
2.972103209041643823e-01
-2.126664150783630913e-01
2.860174426457884889e-01
2.259185906183501236e-01
8.958767422875099085e-01
-1.598586825562714475e-02
8.688120614203662662e-01
-1.730891767846966939e-02
7.337393308992509189e-01
2.406951057084849056e-03
8.657475407830511616e-01
-8.607200653722071881e-03
4.680229698453245574e-02
-4.019782632779725917e-01
5.496411020821367205e-02
-4.199893138003615856e-01
6.263650960260404021e-01
-8.672120330966862078e-02
3.238620885402535565e-01
-2.373790946946031100e-01
9.849715883566304564e-01
6.625310060901900416e-04
5.395861741659544464e-01
8.080669199100307121e-02
8.099309750317337242e-01
6.835728030191186473e-03
6.001656287365110254e-01
8.135806058138077279e-02
8.612634022301851600e-01
1.109114617247289845e-02
8.933158400424789924e-01
-1.830403857544672663e-02
4.336179816169957691e-04
