1.000000000000000000e+00
3.158849523028555151e-01
-2.385974132666588976e-01
9.366010690942193628e-01
-5.024639949443449223e-03
4.482760826139803312e-02
-4.266765908795939199e-01
4.887958821092711070e-02
-4.124687328700955558e-01
5.493786311899697683e-01
-8.174466952291732647e-02
2.859698210299445598e-01
-2.156697934236745939e-01
2.762424461664907405e-01
2.181015123768384190e-01
8.958169618723413885e-01
-1.376631045912335080e-02
8.658150898436441922e-01
-2.349589438887894968e-02
7.163076004275314990e-01
1.433922283095434048e-03
8.595139734911452223e-01
-1.034442840901765234e-02
4.893140078545558241e-02
-3.948040040663389760e-01
4.544517344742332599e-02
-4.235914296399425627e-01
6.267222231450774173e-01
-9.077023648762458374e-02
3.173179728052912263e-01
-2.441624297990768744e-01
9.848956920819108563e-01
-3.072561405272739975e-03
5.349387091138686490e-01
7.246807258681026154e-02
8.069670912605155788e-01
4.585332242306320964e-03
5.894450644019254559e-01
8.294966698724284826e-02
8.621386900703317258e-01
7.381207095474952469e-03
8.972344176637793156e-01
-1.423966984427666067e-02
1.852286997108638033e-04
