1.000000000000000000e+00
3.114898453581844695e-01
-2.355089739211793098e-01
9.418754261946047368e-01
-5.355974962469783884e-03
6.036368915378977767e-02
-4.195680038590235972e-01
6.183621393265286564e-02
-4.100570282470903383e-01
5.535220365152614397e-01
-7.776689102144657140e-02
2.889927112720774294e-01
-2.127769197376603028e-01
2.840280290606352898e-01
2.234574007420270514e-01
9.005487480670369971e-01
-1.975038955338738120e-02
8.676159989947670459e-01
-1.445816832369562453e-02
7.207904334450528916e-01
2.942537742632838748e-03
8.590132394154479378e-01
-3.094216388826400224e-03
5.154855779070648819e-02
-3.978256014359459192e-01
5.509888914135150501e-02
-4.183168554192487343e-01
6.327197682372908139e-01
-8.936457317319630722e-02
3.295917999767145612e-01
-2.316079844184465997e-01
9.797959897162150655e-01
-1.543197989758025813e-03
5.426799556125848634e-01
7.067132524300775986e-02
8.058526982765994440e-01
-3.028255364987021822e-04
5.922231920795901772e-01
7.732667693538559928e-02
8.618945642737093626e-01
1.557699327072489988e-02
8.950758606179189947e-01
-1.559053953318193138e-02
4.898745009537656177e-04
