1.000000000000000000e+00
3.201244642609848423e-01
-2.390019393870645714e-01
9.340841244081611316e-01
2.326204809900242042e-03
6.071010507137025031e-02
-4.248864499258416250e-01
5.952779599492427631e-02
-4.127332939182940530e-01
5.530908446640717679e-01
-6.767784016956245041e-02
2.945526740329203474e-01
-2.073497576209352988e-01
2.893264024476098206e-01
2.218639425793440534e-01
8.997713525442929683e-01
-1.672121076411118082e-02
8.661350562729948077e-01
-1.375805207651390437e-02
7.268750754293960004e-01
2.091156477627752544e-02
8.580007318001318106e-01
1.475261115870054067e-03
5.154973229814192870e-02
-4.026505341872979593e-01
6.601849713510377082e-02
-4.195723730309879884e-01
6.288143627365283539e-01
-7.952411385441897351e-02
3.214801417882327539e-01
-2.309005729187008360e-01
9.840179656670063890e-01
1.401817768606896742e-03
5.447975351211856720e-01
8.363046309373625697e-02
8.037293680128432261e-01
1.376801778750846687e-02
5.939470032101864527e-01
8.929423358112555109e-02
8.625046079266097676e-01
1.275363845779666806e-02
8.938132904790923039e-01
-1.399969483716626516e-02
3.900695778605035836e-04
