1.000000000000000000e+00
3.240436323500720528e-01
-2.380236373366917679e-01
9.411996436540802646e-01
-8.419371226707841882e-03
6.066877407905527098e-02
-4.293130178362026816e-01
6.351417221966226823e-02
-4.174407346730658608e-01
5.589921222055790340e-01
-7.846831563363658446e-02
2.972602046635647866e-01
-2.094996507798851104e-01
2.842612717207725348e-01
2.178279610510870656e-01
9.009463038544713864e-01
-8.097893088977728068e-03
8.654642122258786596e-01
-1.427708675357185729e-02
7.290147659363795940e-01
1.368283015906086170e-02
8.633833459176144531e-01
-1.041232992079691583e-02
5.730195982168034829e-02
-3.981359181733331032e-01
6.078941773982166757e-02
-4.258618047924929706e-01
6.316518010840804775e-01
-8.594480131965132053e-02
3.225627422810392608e-01
-2.389223860865661575e-01
9.886068706013421137e-01
-2.163962634721945319e-03
5.480467638202032310e-01
7.743531729427458044e-02
8.072315507194830486e-01
3.293511711317082761e-03
5.963664574549434327e-01
8.110413680020632510e-02
8.683324479822596142e-01
1.684621906627993548e-02
8.902950205362696323e-01
-1.128233049058279501e-02
3.590432944131630904e-04
