1.000000000000000000e+00
3.250113279514151299e-01
-2.373037436196295258e-01
9.332073195758862072e-01
-1.782290410949460672e-04
6.082439504196494873e-02
-4.257211622977517540e-01
6.160686065248201920e-02
-4.084246000481938088e-01
5.559998766592618713e-01
-7.103416412427347726e-02
2.963390020169363037e-01
-2.032673957309195090e-01
2.846650093133706871e-01
2.219404803884365007e-01
8.909903122645386198e-01
-1.061108601133558399e-02
8.739642550284414391e-01
-7.399458547490294670e-03
7.223373586645616129e-01
1.128475140821165977e-02
8.675552335933013337e-01
2.121787220916223661e-03
4.471286962720859987e-02
-4.028949656302175941e-01
5.710363036920056146e-02
-4.193328675820923723e-01
6.256909878053055207e-01
-8.597540671677021684e-02
3.271088796555942091e-01
-2.389187003509407325e-01
9.825115352310180850e-01
1.041957185866052840e-03
5.419631654106371599e-01
8.056762667753814000e-02
8.092735933505810220e-01
1.159906968822925662e-02
5.945115881132088109e-01
9.121410857226887325e-02
8.643169211890668890e-01
1.628902296681566247e-02
8.955664454735684510e-01
-1.096695742204771389e-02
2.098705680031843308e-04
