1.000000000000000000e+00
3.255920990320986252e-01
-2.310632735497956669e-01
9.359044579810079645e-01
3.703781878497223057e-03
7.346308638731617602e-02
-4.194647624812323783e-01
7.260207680137698016e-02
-4.178603467227146040e-01
5.557358527838126561e-01
-6.732795416819702117e-02
3.013155820175298927e-01
-2.030096466673659006e-01
2.872938252735334208e-01
2.200699110897979538e-01
8.932570803326767006e-01
-9.319547647509243346e-03
8.702937515342780150e-01
-1.002457479484136597e-02
7.232516323050417473e-01
1.190957201674804240e-02
8.617479449660706559e-01
6.551254396497886885e-03
5.986730727403198615e-02
-4.007562967976935897e-01
7.059731260337996639e-02
-4.279161944243047855e-01
6.282501898860448630e-01
-8.475209063523184150e-02
3.209035754307864030e-01
-2.315871343339373500e-01
9.814446980057576209e-01
7.359306503329303070e-03
5.398615818288813317e-01
7.645909317424612328e-02
8.085117790741219723e-01
1.312791454312161807e-02
5.910522181960854438e-01
8.345717049772537199e-02
8.596999304380781304e-01
9.952631451848072824e-03
8.917765604252478884e-01
-1.631790339341297746e-02
5.401855675956498352e-04
