1.000000000000000000e+00
3.294748882742849494e-01
-2.371213356386755178e-01
9.356877574919767460e-01
4.148239019515546043e-03
6.261351816222786304e-02
-4.266294555798034738e-01
6.562956488496263230e-02
-4.136552012241483389e-01
5.578746400848307863e-01
-6.153385718201832832e-02
2.977804298080482526e-01
-2.067061454987805524e-01
2.830165565346025591e-01
2.219030829457027398e-01
8.964263203249868139e-01
-5.413914971997712058e-03
8.705984143077035720e-01
-5.015743232304770496e-03
7.276583015467754656e-01
1.370260870167154185e-02
8.585697704652427431e-01
3.037678825397977650e-03
4.973197572784204823e-02
-4.031541462171188139e-01
6.093333759691059448e-02
-4.243193291230524244e-01
6.318743324997587729e-01
-7.786645409582826360e-02
3.190962863917898296e-01
-2.333666769718373002e-01
9.815576515013564318e-01
4.168113043835741660e-03
5.392751404965132611e-01
7.103170025764794782e-02
8.057731860735876106e-01
1.302583660399407595e-02
5.917362874793676841e-01
7.919933796748043764e-02
8.680668788199877861e-01
1.244954171180898822e-02
8.942209257503866970e-01
-1.178919184293592340e-02
5.495333788290525986e-04
