1.000000000000000000e+00
3.228394011470535618e-01
-2.402636997981973943e-01
9.418970371710306821e-01
-6.020237609232513727e-03
6.282257304599014880e-02
-4.244167181419709056e-01
5.952791665487222605e-02
-4.133118689407608293e-01
5.574887796308317656e-01
-7.253451551055666024e-02
2.998843890623055786e-01
-2.163171573516780855e-01
2.903312142958292541e-01
2.255824474562765081e-01
8.962739981196374828e-01
-1.840509760795819988e-02
8.657505766537246794e-01
-1.120761131532433882e-02
7.242753449281663647e-01
1.056705748197415279e-02
8.568766134879269858e-01
-9.335718284870944336e-03
5.715523779262689230e-02
-3.981734640202683750e-01
6.566566460119059589e-02
-4.257830489417492315e-01
6.314759995563680173e-01
-9.229069363404687754e-02
3.271003056653463692e-01
-2.380989924114780276e-01
9.847124617321684203e-01
-3.303664332424377514e-03
5.481639040598700330e-01
7.557342262049895898e-02
8.050438250316533928e-01
8.602410849586610703e-03
5.921452976188620321e-01
8.962937595565914628e-02
8.663513758749810112e-01
4.258933559032165514e-03
8.952789075242378880e-01
-1.561590465946449333e-02
5.458716153501372379e-04
