1.000000000000000000e+00
3.139699880980894586e-01
-2.422364661832216159e-01
9.424730635393969713e-01
1.005192449548251077e-03
4.814287691110522016e-02
-4.290485010427723678e-01
4.859968741188571556e-02
-4.236663312303683981e-01
5.530462433106175801e-01
-7.861789028778724819e-02
2.874245344475528929e-01
-2.097221855073111152e-01
2.759180247833322164e-01
2.242472499174724687e-01
8.999785169193946777e-01
-2.396690548571736232e-02
8.720317466490260516e-01
-2.144340453836666993e-02
7.286111153847224520e-01
1.646386375527027907e-02
8.672297555978276673e-01
-4.928935618001960110e-03
4.162138777666689327e-02
-4.045440243888218657e-01
4.954329483347923169e-02
-4.219417127031713788e-01
6.259871201526182594e-01
-9.560194084716300278e-02
3.151184023109272481e-01
-2.394836765302440773e-01
9.942839866006158989e-01
-3.316355488589837423e-03
5.387002482076584942e-01
8.341624260732505292e-02
8.040263046174228601e-01
1.326597178913778603e-02
5.937114399094292061e-01
9.214978219542545312e-02
8.677748937284268660e-01
1.292852424389018783e-02
8.884725525434360449e-01
-2.372369753205951295e-02
3.753886533908224496e-04
