1.000000000000000000e+00
3.192430686841601362e-01
-2.345581904507547666e-01
9.446319921857834201e-01
-4.689505622294070503e-03
5.886386360970721071e-02
-4.261528827982746792e-01
5.628996155270642177e-02
-4.171249527735189644e-01
5.538448220773651842e-01
-7.804628541548649934e-02
2.979270950883771696e-01
-2.097342110541197957e-01
2.907232618641519273e-01
2.228479237823711434e-01
8.991679696824955714e-01
-2.015422845011457728e-02
8.661736382042081184e-01
-1.029895557737629287e-02
7.320154798262357154e-01
1.461780432848478091e-02
8.598995595716281137e-01
2.087587902210671312e-03
5.240793412725676392e-02
-4.004282316790113150e-01
5.664142388740303624e-02
-4.187693769105148012e-01
6.286717791382150367e-01
-8.228064801146560414e-02
3.291223830691696883e-01
-2.359333223909927668e-01
9.908010165703263761e-01
4.002871974455397201e-04
5.479924450698753224e-01
7.692085755245035850e-02
8.096075493762380226e-01
1.653014276750712497e-02
5.944664595536631735e-01
9.192065539876127789e-02
8.652646315175550606e-01
1.922347680615323767e-02
8.933137744226690158e-01
-2.215429029003963823e-02
3.659202084543523512e-04
