1.000000000000000000e+00
3.208854904136291264e-01
-2.422778912688263731e-01
9.347415692784666330e-01
2.034879558466453926e-03
5.378925764203277421e-02
-4.298491684751206687e-01
5.990972478455016542e-02
-4.126421607570396333e-01
5.548565582371769445e-01
-6.723497604193093280e-02
2.923777559558622396e-01
-2.120444620908956135e-01
2.758456391463119384e-01
2.183760766933954822e-01
8.974666928322688753e-01
-6.763381443525920585e-03
8.646522243423130361e-01
-1.271899806765608952e-02
7.212789530613498146e-01
2.020850066788970265e-02
8.578529487450354818e-01
7.604677636928525337e-03
4.599618615213262041e-02
-3.999437286724765728e-01
5.577248633526434018e-02
-4.205214236616780510e-01
6.332125800291965589e-01
-8.223876906048419033e-02
3.203263234070704013e-01
-2.413724722563971858e-01
9.810672404882538888e-01
-2.096449791144219376e-03
5.400318439933526893e-01
8.020547161833382899e-02
8.087950355834305771e-01
1.472038773882967770e-02
5.869892599217986229e-01
9.088417126863439222e-02
8.673289128780174995e-01
1.450622228025127448e-02
8.916658143868850805e-01
-1.461633477500668375e-02
3.719234050017149683e-04
