1.000000000000000000e+00
3.137746342029621438e-01
-2.403708019341659619e-01
9.396646288715974071e-01
4.883739082017764764e-03
4.794292669622601810e-02
-4.275210512461281032e-01
5.700792607190661304e-02
-4.154671435763500065e-01
5.516376914857411551e-01
-7.480301555611502951e-02
2.919243993257036318e-01
-2.093826165637144576e-01
2.830106650488798947e-01
2.219926978469576595e-01
8.938523385353926987e-01
-6.637656143121311268e-03
8.626103635319068985e-01
-1.109828178292816651e-02
7.261798003459534190e-01
2.023639417482576627e-02
8.626551722820007262e-01
7.631687831976438109e-03
4.650912276962154701e-02
-4.038709733969874649e-01
5.237690753498724233e-02
-4.215302232332833188e-01
6.267502415382451009e-01
-8.273097920940045147e-02
3.202569308855959807e-01
-2.282120429080184698e-01
9.832563593363705667e-01
5.450127176959240587e-03
5.388228062948776653e-01
8.811394810352581042e-02
8.119640402221147690e-01
1.411064180612070680e-02
5.947364127055057015e-01
8.873933770940863053e-02
8.636667753304902995e-01
2.308470516567568895e-02
8.931942270671254791e-01
-7.789970314955724055e-03
2.365125711783427702e-04
