1.000000000000000000e+00
3.127146377187986492e-01
-2.384316131765807922e-01
9.331525781304187417e-01
9.728221046602538238e-03
5.601884685238269629e-02
-4.206181497126815216e-01
6.453661368975971424e-02
-4.169959187922487875e-01
5.527832207320736435e-01
-6.348013769589755384e-02
2.933121066883758732e-01
-2.071859863792895329e-01
2.760317306014063443e-01
2.211737217903622099e-01
8.998159365168417745e-01
-7.664418225659433946e-03
8.695682983078183437e-01
9.777884268343272657e-04
7.272013363906905115e-01
1.465369672534200078e-02
8.644049345430766529e-01
1.093958310402827483e-02
4.875282494791050025e-02
-4.026300667834701863e-01
5.878473436815849495e-02
-4.215569578162355890e-01
6.300584701790074016e-01
-7.606788394140327758e-02
3.181975757018732920e-01
-2.354614712301621449e-01
9.878479615779990342e-01
6.149282395295139342e-03
5.390794547287635075e-01
8.430641288431454938e-02
8.097758032796770200e-01
1.686612236549490940e-02
5.883327676680601970e-01
8.285069714158135867e-02
8.682989128764456721e-01
1.837057889611036499e-02
8.897185699550493876e-01
-1.908942611373917048e-02
3.707644765020911919e-04
