1.000000000000000000e+00
3.191840580633870661e-01
-2.357588218244479616e-01
9.390551222069916104e-01
-3.861062828803003832e-03
5.977903114556780417e-02
-4.225577847965151790e-01
6.069397491001592149e-02
-4.075917350903769387e-01
5.534110808113621438e-01
-7.996762789044171982e-02
2.971930045369937101e-01
-2.138854643996382920e-01
2.832101782681547553e-01
2.134705481253339754e-01
8.867918615538818994e-01
-9.184122000047947182e-03
8.694753604922984547e-01
-1.500946570700877926e-02
7.265406621129436582e-01
4.833317540351884066e-03
8.634515031601224244e-01
-6.454383829942265255e-03
5.449440337367080639e-02
-3.967393621414162519e-01
5.690696535118865834e-02
-4.208214244713407437e-01
6.235642267540603134e-01
-8.975191442300313460e-02
3.219936970635762785e-01
-2.328236067939804532e-01
9.844259316706247542e-01
-3.096695419260165651e-03
5.430609076722950901e-01
7.002650298127810480e-02
8.074907680944367616e-01
7.236387959459685687e-03
5.909068114379770753e-01
8.115213709876011039e-02
8.555980683528175978e-01
5.116125011196237526e-03
8.955556874049835914e-01
-5.825579934849482548e-03
4.426706984732599586e-04
