1.000000000000000000e+00
3.199784859878518350e-01
-2.361505513091194941e-01
9.343242770695986410e-01
-4.884757083510764264e-03
5.852034713663251120e-02
-4.229611244346273558e-01
5.984970961497585590e-02
-4.153955551625423959e-01
5.527394012420864255e-01
-6.916443312640707664e-02
2.975117150041124425e-01
-2.131728022633347097e-01
2.921193255224517338e-01
2.200723876477330698e-01
8.977452406155748132e-01
-1.925605658787214736e-02
8.655357377564896204e-01
-1.805389460332178578e-02
7.308494751756625663e-01
1.312554371802013460e-02
8.636301823247465315e-01
-5.630274874411447979e-03
6.088917672846314022e-02
-4.014587982555357093e-01
5.503337327314803545e-02
-4.223270167373016637e-01
6.328292129231012364e-01
-8.579978804261302605e-02
3.258935371619907095e-01
-2.364632445007810446e-01
9.889674250525755106e-01
-4.606147240208099611e-03
5.398914192854347149e-01
7.792639229418213409e-02
8.101264703126108691e-01
1.012168922123778472e-02
5.953113820358924002e-01
8.414369888390826890e-02
8.621088822784812589e-01
1.382973055868661968e-02
8.962349946345905538e-01
-1.060930557181017503e-02
4.268536080593060729e-04
