1.000000000000000000e+00
3.196000432977780248e-01
-2.387230906685345322e-01
9.388928935499759598e-01
-9.559349484055347426e-04
5.296550973972161125e-02
-4.290468008815429557e-01
5.994279838960784451e-02
-4.082249662933996048e-01
5.600152170911830707e-01
-7.893164633326137103e-02
2.967762333266649177e-01
-2.118148693208936895e-01
2.868388973351009286e-01
2.216381506321606076e-01
8.977727873605521047e-01
-1.379954399488043416e-02
8.673067458736796187e-01
-1.271596893431456606e-02
7.300972520634315677e-01
1.509912439979884183e-02
8.574585923944709753e-01
3.248703076159588105e-03
4.606121700401222957e-02
-3.999728398597118262e-01
4.733380167494066065e-02
-4.240388968006619241e-01
6.294589817173161794e-01
-9.016244185087145258e-02
3.229267050668452321e-01
-2.381679530538034495e-01
9.843802148499318783e-01
-2.386220181639217217e-03
5.383884252779705948e-01
8.052602669768857413e-02
8.110495827803146929e-01
1.466034707014194326e-02
5.948741480534046611e-01
8.679165076230946352e-02
8.651337895204954664e-01
1.723115752156762978e-02
8.991572056337603369e-01
-1.244768330098759528e-02
1.619606131024787805e-04
