1.000000000000000000e+00
3.236526968995478981e-01
-2.311880855585032313e-01
9.363160911517588447e-01
3.924288819429258123e-04
6.240829829326040995e-02
-4.243463828856511855e-01
7.159589184054962474e-02
-4.126137506688501433e-01
5.583304215054166741e-01
-6.878575616102153290e-02
2.961849232599849113e-01
-2.031867413721838989e-01
2.891338874984162866e-01
2.141530988946254710e-01
8.952047414746344689e-01
-5.798608552042017368e-03
8.679144114212138383e-01
-7.006811268748049798e-03
7.256082460201453976e-01
4.010719001601981940e-04
8.624910760396147236e-01
-1.914848783583663911e-03
6.205609639801225319e-02
-3.995304220079204383e-01
6.549352502237283657e-02
-4.092338704285723994e-01
6.340095913124779159e-01
-7.798205078970932291e-02
3.246234072470298715e-01
-2.386723284848672466e-01
9.784390102207620732e-01
-5.145151000474909760e-03
5.446242158734656558e-01
7.113241123693479773e-02
8.095831593041459273e-01
7.888553757981276240e-03
5.929815260807700383e-01
7.594552250044048214e-02
8.655235151317841602e-01
2.830657238911009777e-03
8.924188904143842693e-01
-6.525634078095079657e-03
2.891962065855040480e-04
