1.000000000000000000e+00
3.163904318836941454e-01
-2.340804444557085806e-01
9.277519761406233245e-01
-1.024248969212901948e-02
5.564193207153954324e-02
-4.283118469483264690e-01
5.664675588991857635e-02
-4.125759995966600258e-01
5.514027639793690483e-01
-8.011789644508873764e-02
2.958410757833914162e-01
-2.128832215128003413e-01
2.812576449066795936e-01
2.175637831177112402e-01
8.926858120691417708e-01
-1.246037428842369267e-02
8.715748248632004813e-01
-1.459708683783752202e-02
7.296710613693542236e-01
5.068861931511866800e-03
8.629784363726971108e-01
-3.218414200661547011e-03
5.299757897955505864e-02
-3.985280941099365037e-01
5.751280238331475669e-02
-4.177727047478087541e-01
6.307990427310247172e-01
-8.752245202278197134e-02
3.188219070552642531e-01
-2.334624354905735777e-01
9.821992922831784822e-01
-6.475454498306559489e-03
5.463807470553974088e-01
7.643641430480553611e-02
8.018516195871588925e-01
3.298392476685259441e-04
5.916225017769483063e-01
7.537193988451418303e-02
8.609057820219770951e-01
7.317456129477105213e-03
8.889749288576253017e-01
-4.381861620351376954e-03
4.653197173579070797e-04
