1.000000000000000000e+00
3.222330435195993048e-01
-2.398770783485982272e-01
9.458616165197799575e-01
1.752047484644451807e-03
6.002598902654147917e-02
-4.266717553021892040e-01
6.177601798803029898e-02
-4.200983343994594832e-01
5.575833959456293343e-01
-6.778271956729647885e-02
2.951430823260088321e-01
-2.066704653366550071e-01
2.827382047179962110e-01
2.202198126567383452e-01
8.948885682137945885e-01
-1.566150889863141688e-02
8.655952881794027887e-01
-1.322292901376110989e-02
7.288673764385020792e-01
1.569940559777517272e-02
8.619958418307530623e-01
1.870087627184289245e-04
5.587391754774936881e-02
-3.979582336543978638e-01
5.936937774610001606e-02
-4.270585277733666141e-01
6.330873749524847938e-01
-8.627164415583496448e-02
3.249541652257907920e-01
-2.365306849297008907e-01
9.947906894253579768e-01
-1.419044877120280651e-03
5.388602241956418348e-01
8.210867040830412134e-02
8.136565996080503682e-01
1.693568130899779020e-02
5.892007807117898288e-01
9.262168705837717231e-02
8.638223732540140087e-01
1.884487682799752470e-02
8.930649035367280719e-01
-1.115232576240143998e-02
2.866873014788607439e-04
