1.000000000000000000e+00
3.169864072510887310e-01
-2.422752616943954773e-01
9.439353660369157462e-01
1.814878095109804038e-02
6.434852402211686806e-02
-4.255872521727740443e-01
6.373650636961417093e-02
-4.138759683499510511e-01
5.557171421020912216e-01
-5.925016931455068248e-02
3.016494035237417548e-01
-2.021398745979554601e-01
2.849204455914340350e-01
2.199887980417529476e-01
8.963895493032638662e-01
-1.090591902432898157e-02
8.662864625930255524e-01
-1.103095926466308085e-03
7.244217674750305092e-01
2.920396122279040121e-02
8.620108462394217019e-01
2.213417684677841321e-02
4.799990979109367700e-02
-4.014235577777611197e-01
5.417368643501832559e-02
-4.250867464023587172e-01
6.301623122246295949e-01
-8.481809189230797574e-02
3.178134063078019156e-01
-2.360592383398029959e-01
9.822912453495139529e-01
8.840056916994300587e-03
5.347400285169018330e-01
9.261458085343975133e-02
8.046675327396781707e-01
2.831267625398233012e-02
5.820912948602914305e-01
9.530616484166022639e-02
8.656629544508573915e-01
2.369364597719779073e-02
8.920285819354428769e-01
-1.366862621712910258e-02
1.984538013124962209e-04
