1.000000000000000000e+00
3.241392664541472568e-01
-2.347688849218150797e-01
9.368528180956211537e-01
-5.024541927913937084e-03
6.251353292422461017e-02
-4.306777906794734823e-01
6.266078500687465025e-02
-4.143022569227658991e-01
5.504153813611993851e-01
-6.432245738442701755e-02
2.972755961345636688e-01
-2.065737990280116787e-01
2.870555020053005002e-01
2.174078671048008116e-01
8.896140993294132659e-01
-8.296153509421751865e-03
8.691738380786410145e-01
-9.021989422040101875e-03
7.281887935726797378e-01
1.956927155741994186e-03
8.660554230275946397e-01
-3.485779900303244330e-03
5.105402350405455203e-02
-3.989540568117654340e-01
6.300920008969949915e-02
-4.219115158609234584e-01
6.366266330483747460e-01
-7.955739763584381008e-02
3.243627731616192666e-01
-2.367119006590718555e-01
9.855536801799860136e-01
1.333849754483908308e-03
5.397229722997571866e-01
7.097447708197653082e-02
8.031299943576482026e-01
7.040565705816599108e-03
5.951740319658090916e-01
8.140591274850263181e-02
8.611249048739140211e-01
1.577809774778999793e-02
8.961130195111567387e-01
-1.062824563489097977e-02
2.087242083728193273e-04
