1.000000000000000000e+00
3.195092073616365158e-01
-2.416133468259687445e-01
9.382757525253911934e-01
5.887376695165018152e-03
6.181323467198728688e-02
-4.286089005466486856e-01
6.087469526887884924e-02
-4.125445070879474319e-01
5.533085111760729369e-01
-7.363309211546768818e-02
2.951303084330787474e-01
-2.142719167351821163e-01
2.851329427664897609e-01
2.305137243015880355e-01
8.984782401110918970e-01
-1.454842347203215425e-02
8.722571393648695937e-01
-9.408501415827354858e-03
7.269355296727620930e-01
2.697206604921498913e-02
8.606002753879670175e-01
3.300699524856445452e-03
5.121120389268263295e-02
-4.025426812977440094e-01
5.235184311625597914e-02
-4.270361991604422758e-01
6.295749607450311647e-01
-8.608622821547406989e-02
3.152953552097506607e-01
-2.400042718305173961e-01
9.885275402333387751e-01
2.176216785614231135e-03
5.416669372534528293e-01
9.124707025782012593e-02
8.116953986292968493e-01
1.567473990056945585e-02
6.006309219006374933e-01
9.198437372764939335e-02
8.644448732138731994e-01
1.616083529829011670e-02
8.949185182703888186e-01
-2.271067442778974127e-02
7.402752565436069784e-05
